=== Run information ===

Evaluator:    weka.attributeSelection.PrincipalComponents -R 0.95 -A 5
Search:       weka.attributeSelection.Ranker -T -1.7976931348623157E308 -N -1
Relation:     FeatureTable
Instances:    33
Attributes:   102
              [list of attributes omitted]
Evaluation mode:    evaluate on all training data



=== Attribute Selection on all input data ===

Search Method:
	Attribute ranking.

Attribute Evaluator (unsupervised):
	Principal Components Attribute Transformer
	
	Performs a principal components analysis and transformation of the data. Use in conjunction with a Ranker search. 
	Dimensionality reduction is accomplished by choosing enough eigenvectors to account for some percentage of the variance in the original data
	, 0.95 (95%). Attribute noise can be filtered by transforming to the PC space, eliminating some of the worst eigenvectors, and then 
	transforming back to the original space.

Correlation matrix
  1      0.18  -0.39  -0.2    0.24  -0.46  -0.36  -0.36  -0.18   0.19  -0.23  -0.36   0.07   0.13   0.54  -0.04  -0.11  -0.27  -0.3   -0.02   0.02  -0.01   0.04  -0.14   0.42  -0.18  -0.19   0.03  -0.08  -0.27  -0.39  -0.11  -0.07  -0.08  -0.12  -0.52  -0.27  -0.07  -0.07  -0.04  -0.08   0.41   0.56  -0.08   0.06   0.05   0.01   0.53   0.44   0.25   0.2   -0.09  -0.09   0.03   0.05   0     -0.08   0.01  -0.04  -0.01   0.01  -0.02  -0.11  -0.02  -0.08  -0.06   0.24  -0.1   -0.16   0.49   0.5    0.18   0.15  -0.12  -0.13  -0.03  -0.13  -0.16  -0.25   0.1    0.01  -0      0     -0.23  -0.13   0.15   0.3   -0.07   0.24  -0.01  -0.14   0.44   0.29   0.13   0.26  -0.1   -0.02 
  0.18   1     -0.67  -0.67   0.54  -0.81  -0.85  -0.85  -0.72   0.83  -0.77  -0.85   0.28   0.32   0.37   0.06  -0.07   0.17  -0.16   0.11  -0.13   0.13   0.12   0.72   0.26   0.22  -0.31  -0.01   0.11  -0.78  -0.63  -0.36  -0.32   0.25   0.31  -0.38  -0.63   0.22   0.02  -0.18  -0.13   0.7    0.42  -0.15  -0.16   0.18   0.21   0.66   0.79   0.15   0.01   0.19   0.2   -0.06   0.05   0.18   0.03   0.24   0.17  -0.06   0.01   0.18   0      0.25   0.17  -0.05   0.23   0.32   0.09   0.51   0.75  -0.01   0.1    0.26   0.26  -0.35  -0.77  -0.3   -0.25  -0.2   -0.13  -0.82  -0.74  -0.04  -0.19  -0.12   0.7    0.74   0.07  -0.04   0.15   0.52   0.83   0.31   0.26   0.21   0.14 
 -0.39  -0.67   1      0.79  -0.67   0.89   0.93   0.93   0.83  -0.67   0.88   0.93   0.01  -0.34  -0.3   -0.23  -0.16   0.03   0.09  -0.04   0.16   0.01  -0.04  -0.22  -0.24   0.05   0.14   0.04  -0.09   0.37   0.39   0.19   0.22  -0.16  -0.2    0.43   0.56  -0.03   0.07   0.27   0.22  -0.55  -0.48   0.08   0.02  -0.27  -0.28  -0.49  -0.58   0.06   0.05  -0.13  -0.14   0.11   0.2   -0.13  -0.01  -0.16  -0.1    0.1    0.2   -0.15   0.01  -0.19  -0.1    0.06  -0.25  -0.23  -0.1   -0.34  -0.53  -0     -0.01  -0.17  -0.16   0.3    0.41   0.16   0.12   0.08   0.04   0.37   0.29   0.05   0.16   0.09  -0.47  -0.27  -0.07   0.07  -0.11  -0.53  -0.52  -0.18  -0.12  -0.08  -0.02 
 -0.2   -0.67   0.79   1     -0.36   0.7    0.81   0.81   0.96  -0.44   0.95   0.81   0.01  -0.13  -0.29  -0.15   0.24   0.02   0.08   0.04  -0.1    0.08  -0.08  -0.4    0     -0.05   0.28   0.06  -0.13   0.45   0.31   0.08   0.13  -0.31  -0.35   0.34   0.58  -0.21  -0.11  -0.14  -0.19  -0.56  -0.35   0.19   0.23   0.13   0.11  -0.52  -0.62  -0.03  -0.01   0.11   0.09   0.06   0.12  -0.07  -0.06  -0.08  -0.06   0.06   0.13  -0.08  -0.04  -0.13  -0.06   0.27  -0.29  -0.12   0.01  -0.39  -0.56   0.08   0.02   0.01   0.01   0.22   0.45  -0.02  -0.04  -0.12  -0.23   0.6    0.55  -0.28   0.18  -0.15  -0.49  -0.54   0.25   0.24   0.12  -0.45  -0.66   0      0.02   0.1    0.23 
  0.24   0.54  -0.67  -0.36   1     -0.71  -0.71  -0.71  -0.52   0.79  -0.58  -0.71  -0.14   0.2    0.06   0.27   0.19   0.1   -0.15   0.06  -0.21   0.1    0.1    0.39   0.06  -0.04  -0.16   0.1    0.05  -0.33  -0.26  -0.09  -0.13   0.04   0.07  -0.18  -0.41  -0.08  -0.17  -0.25  -0.18   0.4    0.16   0.05   0.06   0.25   0.23   0.22   0.37  -0.14  -0.09   0.07   0.07  -0.2   -0.24  -0.24  -0.27   0.32   0.11  -0.2   -0.24  -0.16  -0.26   0.4    0.21  -0.06   0.16   0.14   0      0.05   0.27  -0.02  -0.02   0.1    0.09  -0.23  -0.26  -0.1   -0.06  -0.09  -0.11  -0.31  -0.2   -0.16   0.14  -0.18   0.29   0.26   0.19  -0.12   0.18   0.18   0.28   0.11   0.06   0.08   0.09 
 -0.46  -0.81   0.89   0.7   -0.71   1      0.97   0.97   0.74  -0.82   0.82   0.97  -0.14  -0.36  -0.31  -0.2   -0.08  -0.02   0.14  -0.02   0.22  -0.02  -0.06  -0.39  -0.3    0.03   0.24   0.03  -0.08   0.57   0.54   0.31   0.33  -0.16  -0.19   0.39   0.55  -0.14  -0.01   0.28   0.22  -0.59  -0.46   0.19   0.12  -0.28  -0.28  -0.55  -0.67  -0.07   0.02  -0.15  -0.16   0.1    0.09  -0.16  -0.1   -0.2   -0.1    0.09   0.1   -0.16  -0.06  -0.23  -0.11   0.1   -0.27  -0.24  -0.09  -0.38  -0.62   0.01  -0.06  -0.19  -0.19   0.25   0.53   0.22   0.21   0.12   0.08   0.52   0.45   0.08   0.19   0.09  -0.51  -0.41  -0.11   0.07  -0.11  -0.57  -0.62  -0.22  -0.22  -0.12  -0.08 
 -0.36  -0.85   0.93   0.81  -0.71   0.97   1      1      0.87  -0.82   0.92   1     -0.06  -0.32  -0.29  -0.22  -0.05  -0.03   0.13  -0.03   0.17  -0.03  -0.07  -0.47  -0.2   -0.01   0.26   0.02  -0.09   0.57   0.49   0.25   0.26  -0.22  -0.26   0.39   0.61  -0.13   0.02   0.23   0.15  -0.62  -0.43   0.15   0.11  -0.23  -0.23  -0.55  -0.69  -0.02   0.04  -0.11  -0.12   0.1    0.14  -0.11  -0.06  -0.19  -0.08   0.09   0.15  -0.12  -0.03  -0.22  -0.1    0.1   -0.27  -0.24  -0.08  -0.37  -0.62   0.03  -0.03  -0.17  -0.17   0.29   0.55   0.17   0.15   0.09   0.03   0.59   0.5   -0      0.16   0.08  -0.54  -0.49  -0.03   0.09  -0.1   -0.53  -0.67  -0.19  -0.16  -0.1   -0.03 
 -0.36  -0.85   0.93   0.81  -0.71   0.97   1      1      0.87  -0.82   0.92   1     -0.06  -0.32  -0.29  -0.22  -0.05  -0.03   0.13  -0.03   0.17  -0.03  -0.07  -0.47  -0.2   -0.01   0.26   0.02  -0.09   0.57   0.49   0.25   0.26  -0.22  -0.26   0.39   0.61  -0.13   0.02   0.23   0.15  -0.62  -0.43   0.15   0.11  -0.23  -0.23  -0.55  -0.69  -0.02   0.04  -0.11  -0.12   0.1    0.14  -0.11  -0.06  -0.19  -0.08   0.09   0.15  -0.12  -0.03  -0.22  -0.1    0.1   -0.27  -0.24  -0.08  -0.37  -0.62   0.03  -0.03  -0.17  -0.17   0.29   0.55   0.17   0.15   0.09   0.03   0.59   0.5   -0      0.16   0.08  -0.54  -0.49  -0.03   0.09  -0.1   -0.53  -0.67  -0.19  -0.16  -0.1   -0.03 
 -0.18  -0.72   0.83   0.96  -0.52   0.74   0.87   0.87   1     -0.53   0.99   0.87   0.05  -0.12  -0.24  -0.18   0.18   0.02   0.13  -0.01  -0.08   0.04  -0.11  -0.5    0.04  -0.05   0.23  -0.02  -0.11   0.5    0.31   0.07   0.09  -0.29  -0.34   0.32   0.6   -0.19  -0.07  -0.09  -0.14  -0.57  -0.3    0.16   0.17   0.09   0.07  -0.48  -0.62   0.04   0.01   0.06   0.04   0.13   0.19  -0.02   0.04  -0.07  -0.01   0.14   0.21  -0.04   0.07  -0.12  -0.02   0.17  -0.31  -0.14   0.02  -0.33  -0.53   0.08   0.03  -0.03  -0.03   0.28   0.46  -0.01  -0.06  -0.06  -0.17   0.6    0.51  -0.26   0.1   -0.05  -0.5   -0.54   0.24   0.16   0.03  -0.39  -0.65  -0.02   0.05   0.05   0.18 
  0.19   0.83  -0.67  -0.44   0.79  -0.82  -0.82  -0.82  -0.53   1     -0.62  -0.82   0.06   0.34   0.22   0.26   0.23   0.15  -0.09   0.07  -0.34   0.19   0.09   0.59   0.21   0.1   -0.33  -0.01   0.08  -0.58  -0.5   -0.31  -0.3    0.18   0.21  -0.26  -0.5   -0.01  -0.19  -0.44  -0.32   0.55   0.29   0.04   0.03   0.43   0.41   0.44   0.58   0.03  -0.04   0.21   0.21  -0.11  -0.09  -0.01  -0.03   0.31   0.14  -0.08  -0.09   0.02  -0.03   0.36   0.21  -0.04   0.06   0.32   0.09   0.28   0.5    0.02   0.1    0.25   0.25  -0.25  -0.54  -0.27  -0.27  -0.21  -0.21  -0.62  -0.5   -0.17  -0.09  -0.16   0.49   0.52   0.22  -0.05   0.18   0.33   0.58   0.28   0.28   0.22   0.21 
 -0.23  -0.77   0.88   0.95  -0.58   0.82   0.92   0.92   0.99  -0.62   1      0.92   0.02  -0.17  -0.26  -0.2    0.13   0.01   0.14  -0.01  -0.02   0.03  -0.1   -0.5   -0.02  -0.04   0.24  -0.01  -0.11   0.53   0.36   0.11   0.14  -0.28  -0.33   0.34   0.62  -0.18  -0.05  -0.02  -0.07  -0.59  -0.34   0.16   0.16   0.01  -0     -0.51  -0.65   0.03   0.02   0.02   0      0.12   0.18  -0.05   0.01  -0.1   -0.02   0.13   0.2   -0.06   0.04  -0.14  -0.04   0.16  -0.31  -0.17  -0     -0.35  -0.57   0.07   0.02  -0.07  -0.06   0.29   0.5    0.04  -0.01  -0.03  -0.13   0.61   0.52  -0.21   0.12  -0.02  -0.52  -0.54   0.18   0.14   0     -0.44  -0.67  -0.06  -0      0.02   0.13 
 -0.36  -0.85   0.93   0.81  -0.71   0.97   1      1      0.87  -0.82   0.92   1     -0.06  -0.32  -0.29  -0.22  -0.05  -0.03   0.13  -0.03   0.17  -0.03  -0.07  -0.47  -0.2   -0.01   0.26   0.02  -0.09   0.57   0.49   0.25   0.26  -0.22  -0.26   0.39   0.61  -0.13   0.02   0.23   0.15  -0.62  -0.43   0.15   0.11  -0.23  -0.23  -0.55  -0.69  -0.02   0.04  -0.11  -0.12   0.1    0.14  -0.11  -0.06  -0.19  -0.08   0.09   0.15  -0.12  -0.03  -0.22  -0.1    0.1   -0.27  -0.24  -0.08  -0.37  -0.62   0.03  -0.03  -0.17  -0.17   0.29   0.55   0.17   0.15   0.09   0.03   0.59   0.5   -0      0.16   0.08  -0.54  -0.49  -0.03   0.09  -0.1   -0.53  -0.67  -0.19  -0.16  -0.1   -0.03 
  0.07   0.28   0.01   0.01  -0.14  -0.14  -0.06  -0.06   0.05   0.06   0.02  -0.06   1      0.51  -0.04  -0.4   -0.11   0.19  -0.07   0.08  -0.19   0.06   0.27   0.04   0.22   0.06  -0.02   0.08   0.17  -0.14  -0.16  -0.52  -0.48  -0.17  -0.17  -0.02  -0.04   0.56   0.5    0.04   0.04   0.05   0.2   -0.55  -0.51  -0.05  -0.01   0.16   0.23   0.08  -0.18   0.04   0.05   0.21   0.35   0.34   0.21   0.28   0.34   0.16   0.3    0.31   0.2    0.24   0.3   -0      0.08   0     -0.22   0.25   0.32  -0.25  -0.17   0.07   0.07   0.05  -0.38  -0.19  -0.16  -0.08  -0.08  -0.14  -0.22  -0.12  -0.32  -0.11   0.05   0.04   0.13   0.09   0.12   0.4    0.26   0.2    0.15   0.09   0.08 
  0.13   0.32  -0.34  -0.13   0.2   -0.36  -0.32  -0.32  -0.12   0.34  -0.17  -0.32   0.51   1      0.1   -0.16   0.23   0.19   0.16  -0.08  -0.22  -0.07   0.13  -0.03   0.25  -0.09  -0.04  -0.17   0.27  -0.14  -0.28  -0.3   -0.24  -0     -0.02  -0.32  -0.34   0.22   0.18  -0.29  -0.14   0.27   0.37  -0.24  -0.21   0.28   0.25   0.27   0.35  -0.16  -0.24   0.01  -0      0.34   0.24   0.06   0.23   0.16   0.3    0.34   0.23   0.02   0.26   0.17   0.28   0.09   0.25  -0.01  -0.15   0.43   0.41  -0.26  -0.22   0      0.01   0.07  -0.34  -0.09  -0.06  -0.01  -0.03  -0.2   -0.24  -0.03  -0.46  -0.14   0.12   0.06   0.06   0.24   0.13   0.45   0.19   0.11   0.06   0.01   0.03 
  0.54   0.37  -0.3   -0.29   0.06  -0.31  -0.29  -0.29  -0.24   0.22  -0.26  -0.29  -0.04   0.1    1      0.05  -0.08  -0.09  -0.08  -0.15   0.15  -0.01   0.1    0.13   0.48   0.19   0.04   0.02   0.02  -0.46  -0.65  -0.19  -0.13   0.01   0.04  -0.87  -0.57  -0.16  -0.25  -0.15  -0.17   0.79   0.78   0.25   0.27   0.15   0.18   0.91   0.72   0.54   0.51   0.05   0.06  -0.1   -0.05   0.01  -0.08   0.05   0.07  -0.13  -0.12  -0.06  -0.13  -0      0.02   0.1    0.03   0.02  -0.12   0.78   0.68   0.43   0.49   0.03   0.05  -0.43  -0.4   -0.47  -0.56  -0.06  -0.09  -0.33  -0.36  -0.31  -0.32  -0.04   0.82   0.37   0.33   0.24   0.04   0.47   0.66   0.46   0.57   0.07   0.1  
 -0.04   0.06  -0.23  -0.15   0.27  -0.2   -0.22  -0.22  -0.18   0.26  -0.2   -0.22  -0.4   -0.16   0.05   1      0.54  -0.33   0.41  -0.39  -0.06  -0.23  -0.21  -0.02  -0     -0.35  -0.1    0.03   0.12  -0.01  -0.01   0.41   0.3    0.28   0.34   0.04   0.03  -0.72  -0.74  -0.51  -0.47   0.03  -0.06   0.63   0.71   0.53   0.52  -0     -0.03   0.09   0.28   0.04   0.03  -0.21  -0.41  -0.31  -0.08  -0.38  -0.48  -0.2   -0.37  -0.28  -0.09  -0.34  -0.43  -0.09  -0.14   0.05   0.12  -0.13  -0.17   0.43   0.41  -0.03  -0.03  -0.46   0.05  -0.11  -0.22   0.11   0.07   0.11   0.12  -0.02   0.14   0.2    0.19  -0.07   0     -0.16  -0.2    0.06   0.11   0.1    0.24  -0.12  -0.08 
 -0.11  -0.07  -0.16   0.24   0.19  -0.08  -0.05  -0.05   0.18   0.23   0.13  -0.05  -0.11   0.23  -0.08   0.54   1     -0.31   0.41  -0.16  -0.47   0.03   0.08  -0.18   0.05  -0.4    0.2    0.05   0.04   0.2    0.12   0.09   0.05  -0.17  -0.16   0.04   0.09  -0.44  -0.45  -0.74  -0.8   -0.1   -0.06   0.34   0.48   0.74   0.79  -0.16  -0.18  -0.07  -0.01   0.53   0.51  -0.13  -0.26   0.06  -0.01   0.07   0.08  -0.09  -0.21   0.07  -0      0.03   0.07   0.21  -0.21   0.42   0.09  -0.21  -0.23   0.26   0.16   0.44   0.45  -0.24   0.17  -0.29  -0.29  -0.36  -0.42   0.36   0.41  -0.31   0.18  -0.29  -0.08  -0.4    0.31   0.1    0.28  -0.09  -0.18   0.29   0.27   0.36   0.42 
 -0.27   0.17   0.03   0.02   0.1   -0.02  -0.03  -0.03   0.02   0.15   0.01  -0.03   0.19   0.19  -0.09  -0.33  -0.31   1     -0.04   0.31  -0.24   0.01  -0.05   0.19  -0.13   0.46  -0.25  -0.18   0.02   0.04   0.09  -0.45  -0.44   0.08   0.1    0.04  -0.14   0.23   0.15  -0.05   0.11   0.08   0.04  -0.12  -0.26   0.04  -0.05   0.03   0.1    0.07   0.03  -0.06  -0.06   0.11   0.08  -0.08   0.1    0.14   0.27   0.14   0.07  -0.08   0.11   0.18   0.3   -0.23   0.05  -0.04   0.11   0.07   0.08  -0.04   0.07  -0.02  -0.01   0.23  -0.08  -0.18  -0.12  -0.08  -0.1   -0.24  -0.23  -0.1   -0.25  -0.05  -0.03   0.21   0.12  -0.06   0.06  -0.08   0.03   0.2    0.12   0.08   0.1  
 -0.3   -0.16   0.09   0.08  -0.15   0.14   0.13   0.13   0.13  -0.09   0.14   0.13  -0.07   0.16  -0.08   0.41   0.41  -0.04   1     -0.3    0.01  -0.32  -0.01  -0.21   0.05  -0.45  -0.13  -0.09   0.22   0.16   0.09   0.28   0.23   0.04   0.09   0.13   0.19  -0.33  -0.33  -0.42  -0.42  -0.2   -0.09   0.2    0.3    0.42   0.49  -0.17  -0.23   0.01   0.02   0.18   0.18  -0.08  -0.13  -0.16   0.04  -0.09  -0.11  -0.05  -0.08  -0.19   0.03  -0.1   -0.13  -0.18  -0.4    0.14   0.02  -0.16  -0.27   0.13   0.09   0.13   0.14  -0.16   0.11  -0.1   -0.11  -0.05  -0.06   0.28   0.24  -0.02  -0.25  -0.01  -0.07  -0.25   0.01   0.11   0     -0     -0.13   0.11   0.11   0.04   0.06 
 -0.02   0.11  -0.04   0.04   0.06  -0.02  -0.03  -0.03  -0.01   0.07  -0.01  -0.03   0.08  -0.08  -0.15  -0.39  -0.16   0.31  -0.3    1     -0.31   0.61  -0.18   0.08  -0.07   0.43  -0.03   0.15  -0.01  -0.1    0.06  -0.06  -0.06  -0.01   0.04   0.18   0.11   0.22   0.19   0.06   0.1   -0.13  -0.18  -0.09  -0.19  -0.07  -0.1   -0.11  -0.07  -0.18  -0.37  -0      0.01   0.13   0.07   0.14  -0.11   0.15   0.36   0.1    0.04   0.2   -0.11   0.14   0.31  -0.04  -0.04   0.03   0.34  -0.04   0     -0.16  -0.2    0.06   0.07   0.23  -0.01  -0.09   0.09  -0      0.05  -0.09   0.01  -0.1    0.06  -0.08  -0.11   0.03   0.1   -0.11   0.1    0.01  -0.03   0.11  -0.12   0.01  -0.03 
  0.02  -0.13   0.16  -0.1   -0.21   0.22   0.17   0.17  -0.08  -0.34  -0.02   0.17  -0.19  -0.22   0.15  -0.06  -0.47  -0.24   0.01  -0.31   1     -0.28  -0.11  -0.03   0.18  -0.01   0.07   0.03  -0.05  -0.2   -0.29   0.25   0.26   0.14   0.12  -0.06   0.11  -0.12  -0.01   0.3    0.33  -0.03  -0.03   0.1    0.11  -0.3   -0.38   0.06  -0.01   0.03   0.23  -0.2   -0.2    0.19   0.33  -0.12   0.06  -0.2   -0.19   0.14   0.26  -0.12   0.04  -0.13  -0.19  -0.03   0.05  -0.34   0      0.16   0.08   0.02  -0     -0.19  -0.21  -0.28  -0.14   0.25   0.24   0.14   0.2   -0.04  -0.16   0.31  -0.04   0.05   0.21   0.16  -0.34   0.03  -0.04   0.16   0.07  -0.24  -0.21  -0.15  -0.22 
 -0.01   0.13   0.01   0.08   0.1   -0.02  -0.03  -0.03   0.04   0.19   0.03  -0.03   0.06  -0.07  -0.01  -0.23   0.03   0.01  -0.32   0.61  -0.28   1      0.12   0.16  -0.08   0.57   0.09   0.37   0.14  -0.09  -0.01  -0.19  -0.17  -0.1   -0.06  -0     -0.08   0.18   0.14   0.01   0.01   0.04  -0.08   0.13  -0.11  -0.01   0.05   0.01   0.05   0.05  -0.18   0.13   0.15   0.1    0.16   0.17  -0.18   0.29   0.36   0.05   0.11   0.25  -0.12   0.21   0.31   0.1   -0.12   0.12   0.08   0.02   0.08   0.04  -0.02   0.18   0.21   0.11  -0.07  -0.18  -0.14  -0.09  -0.06  -0.11   0.01  -0.29   0.23  -0.18  -0.04   0.08   0.31  -0.05   0.19  -0.11   0.06   0.17   0.12   0.12   0.09 
  0.04   0.12  -0.04  -0.08   0.1   -0.06  -0.07  -0.07  -0.11   0.09  -0.1   -0.07   0.27   0.13   0.1   -0.21   0.08  -0.05  -0.01  -0.18  -0.11   0.12   1      0.34  -0.14  -0.02  -0.01   0.35   0.25  -0.17   0.04  -0.36  -0.35  -0.47  -0.47  -0.02  -0.1    0.32   0.27   0.06  -0.06   0.2   -0.01  -0.24  -0.3   -0.06   0.1    0.08   0.09  -0.07  -0.04   0.38   0.39   0.1    0.03   0.28  -0.18   0.53   0.3    0.07   0.04   0.3   -0.11   0.44   0.28  -0.11   0.03   0.39  -0.76   0.1    0.09  -0.07  -0.18   0.42   0.42  -0.13  -0.07  -0.06  -0.08  -0.39  -0.35  -0.05   0.01  -0.04  -0.03  -0.34   0.11   0.04   0.05   0.02   0.35  -0.22   0.12   0.06   0.07   0.4    0.35 
 -0.14   0.72  -0.22  -0.4    0.39  -0.39  -0.47  -0.47  -0.5    0.59  -0.5   -0.47   0.04  -0.03   0.13  -0.02  -0.18   0.19  -0.21   0.08  -0.03   0.16   0.34   1     -0.17   0.28  -0.23   0.13   0.13  -0.72  -0.31  -0.25  -0.22   0.16   0.21  -0.04  -0.43   0.26   0.1    0.1    0.12   0.52  -0.01  -0.11  -0.22  -0.1   -0.03   0.33   0.48  -0.03  -0      0.18   0.19  -0.12  -0.01   0.08  -0.12   0.24   0.09  -0.13  -0.06   0.1   -0.14   0.25   0.12  -0.11   0.15   0.36  -0.13   0.21   0.39  -0.12  -0.04   0.27   0.26  -0.19  -0.47  -0      0.02  -0.23  -0.14  -0.73  -0.6    0.26   0.01  -0.08   0.45   0.71  -0.22  -0.07   0.1   -0.09   0.56   0.02  -0      0.24   0.15 
  0.42   0.26  -0.24   0      0.06  -0.3   -0.2   -0.2    0.04   0.21  -0.02  -0.2    0.22   0.25   0.48  -0      0.05  -0.13   0.05  -0.07   0.18  -0.08  -0.14  -0.17   1      0.04   0.06  -0.1   -0     -0.35  -0.78  -0.23  -0.18  -0.01  -0.01  -0.45  -0.05  -0.13  -0.15  -0.36  -0.38   0.26   0.6    0.06   0.19   0.36   0.37   0.42   0.31   0.2    0.16   0.14   0.13   0.24   0.31   0.33   0.15  -0.01  -0.09   0.26   0.32   0.32   0.18  -0.02  -0.12   0.25  -0.07  -0.02   0.05   0.45   0.41   0.16   0.17   0.07   0.05  -0.46  -0.53  -0.33  -0.35  -0.08  -0.15  -0.07  -0.2   -0.48  -0.24  -0.08   0.54   0.11   0.46   0.3    0.07   0.65   0.28   0.33   0.36   0.07   0.13 
 -0.18   0.22   0.05  -0.05  -0.04   0.03  -0.01  -0.01  -0.05   0.1   -0.04  -0.01   0.06  -0.09   0.19  -0.35  -0.4    0.46  -0.45   0.43  -0.01   0.57  -0.02   0.28   0.04   1      0.1    0.06   0.12  -0.12  -0.18  -0.48  -0.41   0.11   0.15  -0.23  -0.28   0.25   0.18   0.14   0.26   0.28   0.18   0.18  -0.17  -0.14  -0.15   0.24   0.27   0.13   0.08  -0.09  -0.07   0.16   0.17   0.15  -0.08   0.08   0.2    0.1    0.1    0.19  -0.06   0.07   0.18   0.2   -0.07  -0.13   0.06   0.27   0.26   0.06   0.11  -0.03  -0.01  -0.06  -0.32  -0.14  -0.11   0      0.04  -0.36  -0.35  -0.15  -0.02  -0.05   0.22   0.41   0.16   0.09   0.05   0.05   0.27   0.14   0.12   0.01  -0.02 
 -0.19  -0.31   0.14   0.28  -0.16   0.24   0.26   0.26   0.23  -0.33   0.24   0.26  -0.02  -0.04   0.04  -0.1    0.2   -0.25  -0.13  -0.03   0.07   0.09  -0.01  -0.23   0.06   0.1    1      0.41   0.06   0.27   0.05  -0.04  -0.07  -0.53  -0.48  -0.2   -0.02   0.1    0.27   0.09  -0.05  -0.04   0.08  -0.03   0.03  -0.1    0.05  -0.1   -0.14  -0.02  -0.02   0.22   0.21  -0.12  -0.18   0.29   0.17   0.13   0.07  -0.17  -0.24   0.24   0.14   0.08   0.09   0.56   0.01   0.03   0.07  -0.2   -0.25  -0.1   -0.06   0.17   0.18  -0.22   0.08   0.02   0.03  -0.22  -0.22   0.34   0.26  -0.13   0.04  -0.41  -0.07  -0.25   0.11   0.55   0.38  -0.06  -0.26  -0.01  -0.05   0.22   0.23 
  0.03  -0.01   0.04   0.06   0.1    0.03   0.02   0.02  -0.02  -0.01  -0.01   0.02   0.08  -0.17   0.02   0.03   0.05  -0.18  -0.09   0.15   0.03   0.37   0.35   0.13  -0.1    0.06   0.41   1      0.3   -0.03   0.11  -0.05  -0.2   -0.66  -0.54   0.03   0.01   0.06   0.15   0.05  -0.13   0.05  -0.03   0.02   0.05  -0.04   0.12   0.01   0.03   0.19   0.07   0.24   0.24  -0.06  -0.15   0.1   -0.04   0.33   0.13  -0.16  -0.22   0.12   0      0.25   0.13  -0.05  -0.03   0.08  -0.28  -0.16  -0.08   0.12   0.11   0.22   0.22  -0.15  -0.02  -0.27  -0.26  -0.23  -0.26   0.05   0.08  -0.23  -0.02  -0.12   0.01  -0.04   0.21   0.05   0.13  -0.15  -0.02   0.27   0.24   0.22   0.26 
 -0.08   0.11  -0.09  -0.13   0.05  -0.08  -0.09  -0.09  -0.11   0.08  -0.11  -0.09   0.17   0.27   0.02   0.12   0.04   0.02   0.22  -0.01  -0.05   0.14   0.25   0.13  -0      0.12   0.06   0.3    1     -0.1   -0.05   0.06   0.04   0.01   0.18  -0.03  -0.07   0.13   0.16   0.01   0.1    0.1   -0     -0.01  -0.12  -0.01   0.24   0.04   0.05  -0.32  -0.43  -0.09  -0.09   0.13   0.15  -0.05  -0.25   0.02  -0.01   0.06   0.1   -0.01  -0.16  -0.04  -0.06  -0.01   0.12  -0.01  -0.32   0.17   0.1   -0.4   -0.41  -0.09  -0.09  -0.02  -0.04   0.19   0.19   0.15   0.15  -0.03   0.03   0.23  -0.37   0.1    0.03   0     -0.23   0.15  -0.11   0.01   0.09  -0.17  -0.17  -0.15  -0.17 
 -0.27  -0.78   0.37   0.45  -0.33   0.57   0.57   0.57   0.5   -0.58   0.53   0.57  -0.14  -0.14  -0.46  -0.01   0.2    0.04   0.16  -0.1   -0.2   -0.09  -0.17  -0.72  -0.35  -0.12   0.27  -0.03  -0.1    1      0.78   0.15   0.11  -0.24  -0.28   0.27   0.34  -0.1    0.03   0.07   0.02  -0.57  -0.23   0.06   0.05  -0.07  -0.08  -0.59  -0.6   -0.09  -0.08  -0.13  -0.15  -0.09  -0.21  -0.16  -0.02  -0.12  -0.07  -0.08  -0.15  -0.18   0.01  -0.12  -0.05   0.13  -0.21  -0.24   0.01  -0.54  -0.62   0     -0.04  -0.2   -0.2    0.39   0.65   0.14   0.12   0.12   0.03   0.7    0.66  -0.13   0.2    0.07  -0.75  -0.69   0.1    0.01  -0.1   -0.41  -0.71  -0.16  -0.14  -0.14  -0.03 
 -0.39  -0.63   0.39   0.31  -0.26   0.54   0.49   0.49   0.31  -0.5    0.36   0.49  -0.16  -0.28  -0.65  -0.01   0.12   0.09   0.09   0.06  -0.29  -0.01   0.04  -0.31  -0.78  -0.18   0.05   0.11  -0.05   0.78   1      0.25   0.18  -0.17  -0.19   0.57   0.36   0.04   0.13   0.24   0.16  -0.59  -0.56  -0.05  -0.11  -0.23  -0.23  -0.69  -0.62  -0.23  -0.22  -0.09  -0.1   -0.16  -0.3   -0.19  -0.12  -0.1   -0.04  -0.16  -0.26  -0.17  -0.11  -0.11  -0.03  -0.14  -0.08  -0.09  -0.08  -0.65  -0.67  -0.11  -0.18  -0.1   -0.1    0.53   0.71   0.28   0.29   0.09   0.07   0.52   0.58   0.2    0.27   0.14  -0.83  -0.55  -0.22  -0.24  -0.15  -0.68  -0.65  -0.29  -0.31  -0.1   -0.07 
 -0.11  -0.36   0.19   0.08  -0.09   0.31   0.25   0.25   0.07  -0.31   0.11   0.25  -0.52  -0.3   -0.19   0.41   0.09  -0.45   0.28  -0.06   0.25  -0.19  -0.36  -0.25  -0.23  -0.48  -0.04  -0.05   0.06   0.15   0.25   1      0.95   0.27   0.29   0.26   0.29  -0.51  -0.39   0.15   0.12  -0.34  -0.37   0.34   0.43  -0.14  -0.13  -0.33  -0.39  -0.25  -0.2   -0.21  -0.22  -0.08  -0.21  -0.46  -0.35  -0.37  -0.36  -0.1   -0.19  -0.44  -0.32  -0.34  -0.37  -0.11   0.01  -0.14   0.25  -0.24  -0.37  -0.07  -0.15  -0.23  -0.24   0      0.39   0.42   0.42   0.27   0.3    0.3    0.32   0.38   0.23   0.2   -0.2   -0.25  -0.4   -0.15  -0.2   -0.18  -0.31  -0.42  -0.41  -0.28  -0.31 
 -0.07  -0.32   0.22   0.13  -0.13   0.33   0.26   0.26   0.09  -0.3    0.14   0.26  -0.48  -0.24  -0.13   0.3    0.05  -0.44   0.23  -0.06   0.26  -0.17  -0.35  -0.22  -0.18  -0.41  -0.07  -0.2    0.04   0.11   0.18   0.95   1      0.39   0.38   0.18   0.23  -0.45  -0.37   0.14   0.15  -0.29  -0.3    0.31   0.39  -0.14  -0.15  -0.27  -0.33  -0.29  -0.24  -0.23  -0.24  -0.04  -0.13  -0.46  -0.41  -0.46  -0.4   -0.05  -0.11  -0.46  -0.39  -0.42  -0.42   0.09  -0     -0.17   0.21  -0.11  -0.28  -0.13  -0.21  -0.26  -0.27   0.02   0.34   0.46   0.45   0.26   0.29   0.28   0.33   0.41   0.22   0.12  -0.17  -0.25  -0.43   0.04  -0.14  -0.16  -0.24  -0.46  -0.44  -0.27  -0.3  
 -0.08   0.25  -0.16  -0.31   0.04  -0.16  -0.22  -0.22  -0.29   0.18  -0.28  -0.22  -0.17  -0      0.01   0.28  -0.17   0.08   0.04  -0.01   0.14  -0.1   -0.47   0.16  -0.01   0.11  -0.53  -0.66   0.01  -0.24  -0.17   0.27   0.39   1      0.97   0.06  -0.04  -0.18  -0.31  -0.01   0.23   0.03  -0.07   0.24   0.13   0.02  -0.15   0.08   0.09  -0.21  -0.08  -0.44  -0.43   0.06   0.16  -0.26  -0.11  -0.61  -0.34   0.08   0.17  -0.25  -0.14  -0.52  -0.37  -0.09  -0     -0.26   0.32   0.25   0.19  -0.06  -0.05  -0.4   -0.4    0.05  -0.08   0.28   0.27   0.46   0.53  -0.27  -0.21   0.44  -0.04   0.35   0.16   0.23  -0.44  -0.19  -0.35   0.16   0.3   -0.26  -0.23  -0.45  -0.54 
 -0.12   0.31  -0.2   -0.35   0.07  -0.19  -0.26  -0.26  -0.34   0.21  -0.33  -0.26  -0.17  -0.02   0.04   0.34  -0.16   0.1    0.09   0.04   0.12  -0.06  -0.47   0.21  -0.01   0.15  -0.48  -0.54   0.18  -0.28  -0.19   0.29   0.38   0.97   1      0.04  -0.07  -0.18  -0.31  -0.02   0.22   0.07  -0.07   0.26   0.15   0.03  -0.07   0.12   0.13  -0.19  -0.11  -0.44  -0.44  -0.02   0.12  -0.28  -0.16  -0.61  -0.37  -0      0.11  -0.25  -0.18  -0.54  -0.4   -0.1    0.03  -0.26   0.31   0.24   0.2   -0.07  -0.04  -0.41  -0.41  -0     -0.11   0.22   0.24   0.49   0.57  -0.31  -0.24   0.42  -0.09   0.39   0.21   0.29  -0.42  -0.17  -0.39   0.17   0.34  -0.2   -0.2   -0.48  -0.57 
 -0.52  -0.38   0.43   0.34  -0.18   0.39   0.39   0.39   0.32  -0.26   0.34   0.39  -0.02  -0.32  -0.87   0.04   0.04   0.04   0.13   0.18  -0.06  -0     -0.02  -0.04  -0.45  -0.23  -0.2    0.03  -0.03   0.27   0.57   0.26   0.18   0.06   0.04   1      0.8    0.01   0.07   0.11   0.11  -0.85  -0.92  -0.12  -0.12  -0.1   -0.15  -0.88  -0.8   -0.45  -0.35  -0.01  -0.01   0.09   0.11   0      0.05  -0.13  -0.12   0.13   0.18   0.08   0.09  -0.11  -0.11  -0.33  -0.17   0.06   0.08  -0.76  -0.72  -0.25  -0.35   0.02  -0      0.38   0.5    0.37   0.45   0.04   0.1    0.32   0.36   0.33   0.28   0.11  -0.68  -0.33  -0.36  -0.4   -0.1   -0.57  -0.61  -0.35  -0.46  -0.05  -0.11 
 -0.27  -0.63   0.56   0.58  -0.41   0.55   0.61   0.61   0.6   -0.5    0.62   0.61  -0.04  -0.34  -0.57   0.03   0.09  -0.14   0.19   0.11   0.11  -0.08  -0.1   -0.43  -0.05  -0.28  -0.02   0.01  -0.07   0.34   0.36   0.29   0.23  -0.04  -0.07   0.8    1     -0.2   -0.09  -0.01  -0.04  -0.9   -0.72   0.04   0.13   0.01  -0.03  -0.78  -0.89  -0.33  -0.19  -0.01  -0.02   0.16   0.22   0.1    0.08  -0.24  -0.21   0.19   0.28   0.14   0.12  -0.25  -0.24  -0.19  -0.3   -0.07   0.06  -0.61  -0.73  -0.06  -0.22  -0.05  -0.07   0.27   0.58   0.23   0.28   0.08   0.08   0.59   0.55   0.08   0.12   0.09  -0.55  -0.55  -0.14  -0.2   -0.09  -0.41  -0.69  -0.22  -0.29  -0.1   -0.1  
 -0.07   0.22  -0.03  -0.21  -0.08  -0.14  -0.13  -0.13  -0.19  -0.01  -0.18  -0.13   0.56   0.22  -0.16  -0.72  -0.44   0.23  -0.33   0.22  -0.12   0.18   0.32   0.26  -0.13   0.25   0.1    0.06   0.13  -0.1    0.04  -0.51  -0.45  -0.18  -0.18   0.01  -0.2    1      0.95   0.54   0.49   0.06   0.04  -0.88  -0.96  -0.55  -0.45   0.05   0.19  -0.12  -0.43  -0.14  -0.12   0.08   0.32   0.41   0.24   0.34   0.39   0.1    0.32   0.39   0.24   0.32   0.37   0.09   0.28  -0.07  -0.27   0.06   0.26  -0.6   -0.49  -0.04  -0.04   0.39  -0.23   0.13   0.24   0.04   0.13  -0.33  -0.3    0.15  -0.16  -0.1   -0.15   0.25  -0.13   0.13   0.1    0.06   0.14  -0.11  -0.25  -0.03  -0.11 
 -0.07   0.02   0.07  -0.11  -0.17  -0.01   0.02   0.02  -0.07  -0.19  -0.05   0.02   0.5    0.18  -0.25  -0.74  -0.45   0.15  -0.33   0.19  -0.01   0.14   0.27   0.1   -0.15   0.18   0.27   0.15   0.16   0.03   0.13  -0.39  -0.37  -0.31  -0.31   0.07  -0.09   0.95   1      0.61   0.55  -0.06  -0.03  -0.87  -0.94  -0.62  -0.52  -0.08   0.05  -0.17  -0.46  -0.13  -0.12   0.13   0.32   0.42   0.28   0.34   0.38   0.13   0.3    0.4    0.29   0.32   0.37   0.07   0.3   -0.11  -0.23  -0.03   0.12  -0.66  -0.56  -0.05  -0.05   0.42  -0.1    0.26   0.35   0.03   0.11  -0.15  -0.16   0.22  -0.14  -0.1   -0.29   0.09  -0.21   0.12   0.1    0     -0.05  -0.25  -0.36  -0.02  -0.1  
 -0.04  -0.18   0.27  -0.14  -0.25   0.28   0.23   0.23  -0.09  -0.44  -0.02   0.23   0.04  -0.29  -0.15  -0.51  -0.74  -0.05  -0.42   0.06   0.3    0.01   0.06   0.1   -0.36   0.14   0.09   0.05   0.01   0.07   0.24   0.15   0.14  -0.01  -0.02   0.11  -0.01   0.54   0.61   1      0.9   -0.07  -0.17  -0.48  -0.6   -1     -0.89  -0.1   -0.05  -0.18  -0.24  -0.5   -0.48  -0.08   0.14   0.01  -0.13   0.02  -0.03  -0.11   0.1   -0     -0.12   0.02  -0.03  -0.11   0.29  -0.28  -0.21  -0.08  -0.02  -0.47  -0.43  -0.4   -0.42   0.44   0.15   0.52   0.56   0.39   0.46  -0.14  -0.14   0.45   0.05   0.29  -0.22   0.18  -0.46  -0.13  -0.29  -0.23  -0.11  -0.53  -0.56  -0.38  -0.47 
 -0.08  -0.13   0.22  -0.19  -0.18   0.22   0.15   0.15  -0.14  -0.32  -0.07   0.15   0.04  -0.14  -0.17  -0.47  -0.8    0.11  -0.42   0.1    0.33   0.01  -0.06   0.12  -0.38   0.26  -0.05  -0.13   0.1    0.02   0.16   0.12   0.15   0.23   0.22   0.11  -0.04   0.49   0.55   0.9    1     -0.06  -0.2   -0.4   -0.58  -0.9   -0.91  -0.09  -0.03  -0.28  -0.29  -0.7   -0.68   0.1    0.22  -0.16  -0.05  -0.09  -0.04   0.07   0.18  -0.16  -0.04  -0.03  -0.01  -0.15   0.26  -0.45  -0.15   0.03   0.02  -0.55  -0.47  -0.58  -0.6    0.48   0.13   0.62   0.63   0.55   0.63  -0.23  -0.23   0.61  -0.06   0.35  -0.21   0.23  -0.59  -0.14  -0.35  -0.15  -0.04  -0.62  -0.62  -0.54  -0.63 
  0.41   0.7   -0.55  -0.56   0.4   -0.59  -0.62  -0.62  -0.57   0.55  -0.59  -0.62   0.05   0.27   0.79   0.03  -0.1    0.08  -0.2   -0.13  -0.03   0.04   0.2    0.52   0.26   0.28  -0.04   0.05   0.1   -0.57  -0.59  -0.34  -0.29   0.03   0.07  -0.85  -0.9    0.06  -0.06  -0.07  -0.06   1      0.79   0.07   0.02   0.06   0.14   0.92   0.94   0.39   0.33   0.1    0.11  -0.17  -0.17   0.01  -0.12   0.25   0.15  -0.2   -0.24  -0.02  -0.16   0.23   0.16   0.07   0.22   0.17  -0.14   0.73   0.81   0.2    0.32   0.13   0.14  -0.41  -0.64  -0.33  -0.41  -0.13  -0.15  -0.63  -0.6   -0.15  -0.23  -0.05   0.79   0.62   0.2    0.15   0.05   0.46   0.8    0.32   0.42   0.15   0.15 
  0.56   0.42  -0.48  -0.35   0.16  -0.46  -0.43  -0.43  -0.3    0.29  -0.34  -0.43   0.2    0.37   0.78  -0.06  -0.06   0.04  -0.09  -0.18  -0.03  -0.08  -0.01  -0.01   0.6    0.18   0.08  -0.03  -0     -0.23  -0.56  -0.37  -0.3   -0.07  -0.07  -0.92  -0.72   0.04  -0.03  -0.17  -0.2    0.79   1      0.01   0.05   0.17   0.2    0.84   0.79   0.48   0.35   0.03   0.03  -0.04  -0.08   0.12   0.03   0.11   0.07  -0.06  -0.12   0.05  -0      0.09   0.05   0.23   0.1   -0.05  -0.1    0.73   0.74   0.25   0.36  -0      0     -0.35  -0.57  -0.43  -0.52  -0.06  -0.14  -0.29  -0.36  -0.42  -0.35  -0.01   0.63   0.27   0.43   0.32  -0      0.65   0.59   0.41   0.53   0.05   0.14 
 -0.08  -0.15   0.08   0.19   0.05   0.19   0.15   0.15   0.16   0.04   0.16   0.15  -0.55  -0.24   0.25   0.63   0.34  -0.12   0.2   -0.09   0.1    0.13  -0.24  -0.11   0.06   0.18  -0.03   0.02  -0.01   0.06  -0.05   0.34   0.31   0.24   0.26  -0.12   0.04  -0.88  -0.87  -0.48  -0.4    0.07   0.01   1      0.9    0.49   0.41   0.06  -0.07   0.2    0.45   0.09   0.08  -0.04  -0.28  -0.38  -0.3   -0.33  -0.3   -0.09  -0.3   -0.33  -0.29  -0.32  -0.3    0.03  -0.31  -0.03   0.21   0.05  -0.16   0.66   0.55   0.01   0.03  -0.44   0.1   -0.21  -0.31   0.01  -0.05   0.16   0.15  -0.21   0.18   0.07   0.24  -0.05   0.19  -0.08  -0.08  -0.07   0      0.2    0.33  -0.01   0.05 
  0.06  -0.16   0.02   0.23   0.06   0.12   0.11   0.11   0.17   0.03   0.16   0.11  -0.51  -0.21   0.27   0.71   0.48  -0.26   0.3   -0.19   0.11  -0.11  -0.3   -0.22   0.19  -0.17   0.03   0.05  -0.12   0.05  -0.11   0.43   0.39   0.13   0.15  -0.12   0.13  -0.96  -0.94  -0.6   -0.58   0.02   0.05   0.9    1      0.61   0.53   0.05  -0.1    0.22   0.5    0.19   0.17  -0.11  -0.33  -0.36  -0.22  -0.36  -0.36  -0.15  -0.34  -0.36  -0.23  -0.36  -0.36   0.06  -0.31   0.06   0.26  -0.01  -0.19   0.68   0.58   0.08   0.08  -0.49   0.15  -0.28  -0.37  -0.09  -0.18   0.29   0.27  -0.26   0.16   0.02   0.25  -0.21   0.24   0.02  -0.02  -0.01  -0.04   0.28   0.39   0.08   0.17 
  0.05   0.18  -0.27   0.13   0.25  -0.28  -0.23  -0.23   0.09   0.43   0.01  -0.23  -0.05   0.28   0.15   0.53   0.74   0.04   0.42  -0.07  -0.3   -0.01  -0.06  -0.1    0.36  -0.14  -0.1   -0.04  -0.01  -0.07  -0.23  -0.14  -0.14   0.02   0.03  -0.1    0.01  -0.55  -0.62  -1     -0.9    0.06   0.17   0.49   0.61   1      0.9    0.1    0.05   0.19   0.24   0.51   0.49   0.07  -0.14  -0      0.13  -0.03   0.02   0.1   -0.11   0.01   0.13  -0.03   0.01   0.11  -0.29   0.28   0.21   0.08   0.02   0.48   0.44   0.4    0.42  -0.44  -0.15  -0.52  -0.56  -0.39  -0.46   0.14   0.14  -0.45  -0.05  -0.29   0.23  -0.17   0.45   0.13   0.29   0.23   0.11   0.53   0.56   0.38   0.47 
  0.01   0.21  -0.28   0.11   0.23  -0.28  -0.23  -0.23   0.07   0.41  -0     -0.23  -0.01   0.25   0.18   0.52   0.79  -0.05   0.49  -0.1   -0.38   0.05   0.1   -0.03   0.37  -0.15   0.05   0.12   0.24  -0.08  -0.23  -0.13  -0.15  -0.15  -0.07  -0.15  -0.03  -0.45  -0.52  -0.89  -0.91   0.14   0.2    0.41   0.53   0.9    1      0.12   0.07   0.13   0.12   0.63   0.61  -0.11  -0.21   0.13  -0.02   0.09  -0.01  -0.09  -0.19   0.14  -0.02   0.01  -0.04   0.16  -0.22   0.47   0.1    0.02   0.01   0.37   0.31   0.52   0.54  -0.47  -0.16  -0.51  -0.53  -0.45  -0.52   0.16   0.18  -0.49  -0.11  -0.3    0.25  -0.15   0.48   0.22   0.3    0.16   0.09   0.51   0.53   0.45   0.52 
  0.53   0.66  -0.49  -0.52   0.22  -0.55  -0.55  -0.55  -0.48   0.44  -0.51  -0.55   0.16   0.27   0.91  -0     -0.16   0.03  -0.17  -0.11   0.06   0.01   0.08   0.33   0.42   0.24  -0.1    0.01   0.04  -0.59  -0.69  -0.33  -0.27   0.08   0.12  -0.88  -0.78   0.05  -0.08  -0.1   -0.09   0.92   0.84   0.06   0.05   0.1    0.12   1      0.94   0.55   0.41   0.01   0.02  -0.08  -0.02   0.03  -0.01   0.13   0.16  -0.12  -0.1   -0.03  -0.06   0.11   0.12   0.05   0.18   0.03  -0.08   0.85   0.88   0.31   0.43   0.03   0.05  -0.39  -0.64  -0.47  -0.54  -0.04  -0.06  -0.6   -0.62  -0.24  -0.34   0.01   0.85   0.59   0.27   0.15   0      0.63   0.86   0.46   0.56   0.06   0.07 
  0.44   0.79  -0.58  -0.62   0.37  -0.67  -0.69  -0.69  -0.62   0.58  -0.65  -0.69   0.23   0.35   0.72  -0.03  -0.18   0.1   -0.23  -0.07  -0.01   0.05   0.09   0.48   0.31   0.27  -0.14   0.03   0.05  -0.6   -0.62  -0.39  -0.33   0.09   0.13  -0.8   -0.89   0.19   0.05  -0.05  -0.03   0.94   0.79  -0.07  -0.1    0.05   0.07   0.94   1      0.46   0.3    0.01   0.03  -0.08  -0.03   0.02  -0      0.21   0.2   -0.11  -0.11  -0.02  -0.05   0.21   0.19   0.05   0.29   0.06  -0.07   0.77   0.91   0.17   0.32   0.06   0.07  -0.35  -0.75  -0.4   -0.44  -0.07  -0.07  -0.73  -0.72  -0.17  -0.24   0      0.77   0.69   0.21   0.09   0.01   0.63   0.88   0.39   0.45   0.08   0.08 
  0.25   0.15   0.06  -0.03  -0.14  -0.07  -0.02  -0.02   0.04   0.03   0.03  -0.02   0.08  -0.16   0.54   0.09  -0.07   0.07   0.01  -0.18   0.03   0.05  -0.07  -0.03   0.2    0.13  -0.02   0.19  -0.32  -0.09  -0.23  -0.25  -0.29  -0.21  -0.19  -0.45  -0.33  -0.12  -0.17  -0.18  -0.28   0.39   0.48   0.2    0.22   0.19   0.13   0.55   0.46   1      0.78   0.09   0.1   -0.17  -0.11  -0.1    0.2    0.05   0.11  -0.15  -0.13  -0.15   0.17   0.01   0.1   -0.08  -0.08  -0.07   0.03   0.29   0.34   0.72   0.87   0.05   0.09  -0.25  -0.26  -0.76  -0.85  -0.12  -0.2   -0.22  -0.31  -0.59   0.07   0.07   0.39   0.28   0.6   -0.07  -0.04   0.27   0.39   0.72   0.86   0.13   0.23 
  0.2    0.01   0.05  -0.01  -0.09   0.02   0.04   0.04   0.01  -0.04   0.02   0.04  -0.18  -0.24   0.51   0.28  -0.01   0.03   0.02  -0.37   0.23  -0.18  -0.04  -0      0.16   0.08  -0.02   0.07  -0.43  -0.08  -0.22  -0.2   -0.24  -0.08  -0.11  -0.35  -0.19  -0.43  -0.46  -0.24  -0.29   0.33   0.35   0.45   0.5    0.24   0.12   0.41   0.3    0.78   1      0.07   0.07  -0.14  -0.15  -0.21   0.11  -0.13  -0.1   -0.14  -0.18  -0.25   0.07  -0.15  -0.09  -0.15  -0.14  -0.01  -0.04   0.2    0.16   0.87   0.91   0.02   0.03  -0.37  -0.09  -0.59  -0.71  -0.09  -0.18  -0.08  -0.17  -0.42   0.14   0.15   0.42   0.18   0.42  -0.13  -0.13   0.07   0.25   0.57   0.72   0.1    0.18 
 -0.09   0.19  -0.13   0.11   0.07  -0.15  -0.11  -0.11   0.06   0.21   0.02  -0.11   0.04   0.01   0.05   0.04   0.53  -0.06   0.18  -0     -0.2    0.13   0.38   0.18   0.14  -0.09   0.22   0.24  -0.09  -0.13  -0.09  -0.21  -0.23  -0.44  -0.44  -0.01  -0.01  -0.14  -0.13  -0.5   -0.7    0.1    0.03   0.09   0.19   0.51   0.63   0.01   0.01   0.09   0.07   1      1     -0.08  -0.13   0.48   0      0.51   0.32  -0.1   -0.14   0.48  -0.01   0.4    0.27   0.11  -0.16   0.83   0.17  -0.08  -0.02   0.22   0.12   0.98   0.98  -0.41  -0.14  -0.3   -0.31  -0.94  -0.91   0.15   0.18  -0.3    0.11  -0.69   0.13  -0.13   0.28   0.15   0.71  -0.06   0.01   0.29   0.29   0.94   0.91 
 -0.09   0.2   -0.14   0.09   0.07  -0.16  -0.12  -0.12   0.04   0.21   0     -0.12   0.05  -0      0.06   0.03   0.51  -0.06   0.18   0.01  -0.2    0.15   0.39   0.19   0.13  -0.07   0.21   0.24  -0.09  -0.15  -0.1   -0.22  -0.24  -0.43  -0.44  -0.01  -0.02  -0.12  -0.12  -0.48  -0.68   0.11   0.03   0.08   0.17   0.49   0.61   0.02   0.03   0.1    0.07   1      1     -0.09  -0.13   0.49   0      0.52   0.33  -0.11  -0.14   0.49  -0.01   0.4    0.28   0.1   -0.15   0.83   0.17  -0.08  -0.01   0.22   0.12   0.98   0.98  -0.41  -0.15  -0.3   -0.31  -0.94  -0.9    0.12   0.16  -0.29   0.1   -0.69   0.15  -0.1    0.28   0.14   0.71  -0.06   0.03   0.29   0.29   0.94   0.9  
  0.03  -0.06   0.11   0.06  -0.2    0.1    0.1    0.1    0.13  -0.11   0.12   0.1    0.21   0.34  -0.1   -0.21  -0.13   0.11  -0.08   0.13   0.19   0.1    0.1   -0.12   0.24   0.16  -0.12  -0.06   0.13  -0.09  -0.16  -0.08  -0.04   0.06  -0.02   0.09   0.16   0.08   0.13  -0.08   0.1   -0.17  -0.04  -0.04  -0.11   0.07  -0.11  -0.08  -0.08  -0.17  -0.14  -0.08  -0.09   1      0.65   0.15   0.26  -0.02   0.2    0.96   0.69   0.19   0.41   0.04   0.18  -0.01   0.11  -0.19  -0.15   0.36   0.17  -0.18  -0.21  -0.07  -0.08  -0.01  -0.16   0.18   0.15  -0      0     -0.03  -0.08   0.14  -0.05  -0.09  -0.06  -0.06  -0.13   0      0.09   0.18  -0.04  -0.16  -0.14   0     -0.01 
  0.05   0.05   0.2    0.12  -0.24   0.09   0.14   0.14   0.19  -0.09   0.18   0.14   0.35   0.24  -0.05  -0.41  -0.26   0.08  -0.13   0.07   0.33   0.16   0.03  -0.01   0.31   0.17  -0.18  -0.15   0.15  -0.21  -0.3   -0.21  -0.13   0.16   0.12   0.11   0.22   0.32   0.32   0.14   0.22  -0.17  -0.08  -0.28  -0.33  -0.14  -0.21  -0.02  -0.03  -0.11  -0.15  -0.13  -0.13   0.65   1      0.18   0.17   0.02   0.28   0.64   0.97   0.21   0.27   0.04   0.21  -0.01   0.17  -0.15  -0.07   0.32   0.32  -0.26  -0.27  -0.1   -0.11   0.21  -0.15   0.08   0.14   0.06   0.09  -0.16  -0.16   0.07  -0.03   0.01  -0.04   0.09  -0.07  -0.06  -0      0.11   0.03  -0.07  -0.13  -0.06  -0.1  
  0      0.18  -0.13  -0.07  -0.24  -0.16  -0.11  -0.11  -0.02  -0.01  -0.05  -0.11   0.34   0.06   0.01  -0.31   0.06  -0.08  -0.16   0.14  -0.12   0.17   0.28   0.08   0.33   0.15   0.29   0.1   -0.05  -0.16  -0.19  -0.46  -0.46  -0.26  -0.28   0      0.1    0.41   0.42   0.01  -0.16   0.01   0.12  -0.38  -0.36  -0      0.13   0.03   0.02  -0.1   -0.21   0.48   0.49   0.15   0.18   1      0.45   0.23   0.11   0.18   0.21   0.98   0.44   0.13   0.05   0.17   0      0.39   0.02   0.03   0.08  -0.17  -0.21   0.5    0.5   -0.09  -0.27  -0.01  -0     -0.4   -0.32  -0.01  -0.06  -0.1   -0.21  -0.33   0.09   0.01   0.05   0.18   0.34   0.15   0.06   0.01  -0.01   0.42   0.32 
 -0.08   0.03  -0.01  -0.06  -0.27  -0.1   -0.06  -0.06   0.04  -0.03   0.01  -0.06   0.21   0.23  -0.08  -0.08  -0.01   0.1    0.04  -0.11   0.06  -0.18  -0.18  -0.12   0.15  -0.08   0.17  -0.04  -0.25  -0.02  -0.12  -0.35  -0.41  -0.11  -0.16   0.05   0.08   0.24   0.28  -0.13  -0.05  -0.12   0.03  -0.3   -0.22   0.13  -0.02  -0.01  -0      0.2    0.11   0      0      0.26   0.17   0.45   1     -0.08   0.01   0.37   0.23   0.37   0.96  -0.04   0.06  -0      0.02  -0.11   0.18  -0.06  -0.03  -0.04   0.13   0      0.02   0.11  -0.14  -0.1   -0.14  -0.02   0     -0.11  -0.24   0.02  -0.3   -0.05  -0.05   0.07  -0.02   0.11   0.06   0.22  -0.01   0.11   0.14   0.03   0.01 
  0.01   0.24  -0.16  -0.08   0.32  -0.2   -0.19  -0.19  -0.07   0.31  -0.1   -0.19   0.28   0.16   0.05  -0.38   0.07   0.14  -0.09   0.15  -0.2    0.29   0.53   0.24  -0.01   0.08   0.13   0.33   0.02  -0.12  -0.1   -0.37  -0.46  -0.61  -0.61  -0.13  -0.24   0.34   0.34   0.02  -0.09   0.25   0.11  -0.33  -0.36  -0.03   0.09   0.13   0.21   0.05  -0.13   0.51   0.52  -0.02   0.02   0.23  -0.08   1      0.75  -0.05  -0.01   0.27  -0.03   0.97   0.8   -0.13  -0.02   0.55  -0.11   0.03   0.17  -0.15  -0.15   0.6    0.59  -0.08  -0.21  -0.18  -0.14  -0.59  -0.56  -0.17  -0.15  -0.26   0.01  -0.54   0.09   0.15   0.31  -0.06   0.56   0.01   0.09   0.17   0.11   0.6    0.56 
 -0.04   0.17  -0.1   -0.06   0.11  -0.1   -0.08  -0.08  -0.01   0.14  -0.02  -0.08   0.34   0.3    0.07  -0.48   0.08   0.27  -0.11   0.36  -0.19   0.36   0.3    0.09  -0.09   0.2    0.07   0.13  -0.01  -0.07  -0.04  -0.36  -0.4   -0.34  -0.37  -0.12  -0.21   0.39   0.38  -0.03  -0.04   0.15   0.07  -0.3   -0.36   0.02  -0.01   0.16   0.2    0.11  -0.1    0.32   0.33   0.2    0.28   0.11   0.01   0.75   1      0.17   0.24   0.15   0.07   0.76   0.97  -0.17  -0.01   0.31   0.07   0.21   0.29  -0.08  -0.08   0.43   0.44   0.09  -0.1   -0.3   -0.19  -0.43  -0.38  -0.17  -0.12  -0.18   0.08  -0.45   0.01   0.07   0.24  -0.17   0.48   0.09   0.13   0.31   0.16   0.45   0.39 
 -0.01  -0.06   0.1    0.06  -0.2    0.09   0.09   0.09   0.14  -0.08   0.13   0.09   0.16   0.34  -0.13  -0.2   -0.09   0.14  -0.05   0.1    0.14   0.05   0.07  -0.13   0.26   0.1   -0.17  -0.16   0.06  -0.08  -0.16  -0.1   -0.05   0.08  -0      0.13   0.19   0.1    0.13  -0.11   0.07  -0.2   -0.06  -0.09  -0.15   0.1   -0.09  -0.12  -0.11  -0.15  -0.14  -0.1   -0.11   0.96   0.64   0.18   0.37  -0.05   0.17   1      0.73   0.22   0.54   0.02   0.17  -0      0.08  -0.19  -0.15   0.29   0.12  -0.19  -0.2   -0.09  -0.1    0.04  -0.15   0.13   0.12   0.02   0.03  -0.06  -0.12   0.08  -0     -0.07  -0.07  -0.02  -0.08  -0.02   0.06   0.16  -0.07  -0.11  -0.12  -0.02  -0.03 
  0.01   0.01   0.2    0.13  -0.24   0.1    0.15   0.15   0.21  -0.09   0.2    0.15   0.3    0.23  -0.12  -0.37  -0.21   0.07  -0.08   0.04   0.26   0.11   0.04  -0.06   0.32   0.1   -0.24  -0.22   0.1   -0.15  -0.26  -0.19  -0.11   0.17   0.11   0.18   0.28   0.32   0.3    0.1    0.18  -0.24  -0.12  -0.3   -0.34  -0.11  -0.19  -0.1   -0.11  -0.13  -0.18  -0.14  -0.14   0.69   0.97   0.21   0.23  -0.01   0.24   0.73   1      0.24   0.36   0.03   0.18  -0.01   0.11  -0.15  -0.12   0.25   0.24  -0.27  -0.29  -0.12  -0.13   0.23  -0.12   0.09   0.15   0.08   0.1   -0.13  -0.14   0.04   0.03   0.01  -0.09   0.07  -0.04  -0.08  -0.01   0.08  -0.03  -0.08  -0.15  -0.08  -0.11 
 -0.02   0.18  -0.15  -0.08  -0.16  -0.16  -0.12  -0.12  -0.04   0.02  -0.06  -0.12   0.31   0.02  -0.06  -0.28   0.07  -0.08  -0.19   0.2   -0.12   0.25   0.3    0.1    0.32   0.19   0.24   0.12  -0.01  -0.18  -0.17  -0.44  -0.46  -0.25  -0.25   0.08   0.14   0.39   0.4   -0     -0.16  -0.02   0.05  -0.33  -0.36   0.01   0.14  -0.03  -0.02  -0.15  -0.25   0.48   0.49   0.19   0.21   0.98   0.37   0.27   0.15   0.22   0.24   1      0.39   0.17   0.1    0.1   -0      0.38   0.01  -0.01   0.05  -0.18  -0.24   0.5    0.5   -0.12  -0.27   0      0.03  -0.38  -0.29  -0     -0.05  -0.1   -0.1   -0.3    0.07   0.02   0.06   0.05   0.31   0.14   0.04  -0     -0.04   0.39   0.29 
 -0.11   0      0.01  -0.04  -0.26  -0.06  -0.03  -0.03   0.07  -0.03   0.04  -0.03   0.2    0.26  -0.13  -0.09  -0      0.11   0.03  -0.11   0.04  -0.12  -0.11  -0.14   0.18  -0.06   0.14   0     -0.16   0.01  -0.11  -0.32  -0.39  -0.14  -0.18   0.09   0.12   0.24   0.29  -0.12  -0.04  -0.16  -0     -0.29  -0.23   0.13  -0.02  -0.06  -0.05   0.17   0.07  -0.01  -0.01   0.41   0.27   0.44   0.96  -0.03   0.07   0.54   0.36   0.39   1      0      0.12  -0.04   0.01  -0.12   0.08  -0.05  -0.04  -0.08   0.08  -0.01   0      0.13  -0.13  -0.09  -0.13  -0.02  -0.01  -0.11  -0.24  -0.01  -0.22  -0.04  -0.09   0.06   0.01   0.04   0.05   0.17  -0.05   0.1    0.13   0.03   0.02 
 -0.02   0.25  -0.19  -0.13   0.4   -0.23  -0.22  -0.22  -0.12   0.36  -0.14  -0.22   0.24   0.17  -0     -0.34   0.03   0.18  -0.1    0.14  -0.13   0.21   0.44   0.25  -0.02   0.07   0.08   0.25  -0.04  -0.12  -0.11  -0.34  -0.42  -0.52  -0.54  -0.11  -0.25   0.32   0.32   0.02  -0.03   0.23   0.09  -0.32  -0.36  -0.03   0.01   0.11   0.21   0.01  -0.15   0.4    0.4    0.04   0.04   0.13  -0.04   0.97   0.76   0.02   0.03   0.17   0      1      0.84  -0.14  -0.03   0.43  -0.06   0.04   0.19  -0.19  -0.17   0.5    0.49  -0.09  -0.25  -0.12  -0.08  -0.52  -0.49  -0.22  -0.21  -0.18   0.05  -0.51   0.09   0.19   0.24  -0.09   0.53   0.06   0.12   0.11   0.05   0.52   0.49 
 -0.08   0.17  -0.1   -0.06   0.21  -0.11  -0.1   -0.1   -0.02   0.21  -0.04  -0.1    0.3    0.28   0.02  -0.43   0.07   0.3   -0.13   0.31  -0.19   0.31   0.28   0.12  -0.12   0.18   0.09   0.13  -0.06  -0.05  -0.03  -0.37  -0.42  -0.37  -0.4   -0.11  -0.24   0.37   0.37  -0.03  -0.01   0.16   0.05  -0.3   -0.36   0.01  -0.04   0.12   0.19   0.1   -0.09   0.27   0.28   0.18   0.21   0.05   0.06   0.8    0.97   0.17   0.18   0.1    0.12   0.84   1     -0.16  -0.02   0.27   0.07   0.15   0.24  -0.11  -0.08   0.38   0.39   0.07  -0.13  -0.26  -0.17  -0.41  -0.37  -0.2   -0.18  -0.18   0.12  -0.45   0      0.12   0.24  -0.18   0.47   0.07   0.11   0.27   0.13   0.42   0.38 
 -0.06  -0.05   0.06   0.27  -0.06   0.1    0.1    0.1    0.17  -0.04   0.16   0.1   -0      0.09   0.1   -0.09   0.21  -0.23  -0.18  -0.04  -0.03   0.1   -0.11  -0.11   0.25   0.2    0.56  -0.05  -0.01   0.13  -0.14  -0.11   0.09  -0.09  -0.1   -0.33  -0.19   0.09   0.07  -0.11  -0.15   0.07   0.23   0.03   0.06   0.11   0.16   0.05   0.05  -0.08  -0.15   0.11   0.1   -0.01  -0.01   0.17  -0     -0.13  -0.17  -0     -0.01   0.1   -0.04  -0.14  -0.16   1      0.04  -0.09   0.03   0.07   0.05  -0.17  -0.1    0.02   0.04  -0.26  -0.22   0.02   0.04  -0.14  -0.18   0.1    0.11  -0.19   0.11  -0.41   0.04  -0.09   0.19   0.81   0.36   0.11   0.01  -0.01  -0.05   0.14   0.2  
  0.24   0.23  -0.25  -0.29   0.16  -0.27  -0.27  -0.27  -0.31   0.06  -0.31  -0.27   0.08   0.25   0.03  -0.14  -0.21   0.05  -0.4   -0.04   0.05  -0.12   0.03   0.15  -0.07  -0.07   0.01  -0.03   0.12  -0.21  -0.08   0.01  -0     -0      0.03  -0.17  -0.3    0.28   0.3    0.29   0.26   0.22   0.1   -0.31  -0.31  -0.29  -0.22   0.18   0.29  -0.08  -0.14  -0.16  -0.15   0.11   0.17   0      0.02  -0.02  -0.01   0.08   0.11  -0      0.01  -0.03  -0.02   0.04   1     -0.08  -0.08   0.25   0.34  -0.24  -0.2   -0.13  -0.13   0.09  -0.2    0.17   0.2    0.14   0.18  -0.33  -0.31   0.18  -0.05   0.11   0.09   0.31  -0.19  -0.03  -0.11   0.19   0.09  -0.16  -0.2   -0.14  -0.18 
 -0.1    0.32  -0.23  -0.12   0.14  -0.24  -0.24  -0.24  -0.14   0.32  -0.17  -0.24   0     -0.01   0.02   0.05   0.42  -0.04   0.14   0.03  -0.34   0.12   0.39   0.36  -0.02  -0.13   0.03   0.08  -0.01  -0.24  -0.09  -0.14  -0.17  -0.26  -0.26   0.06  -0.07  -0.07  -0.11  -0.28  -0.45   0.17  -0.05  -0.03   0.06   0.28   0.47   0.03   0.06  -0.07  -0.01   0.83   0.83  -0.19  -0.15   0.39  -0.11   0.55   0.31  -0.19  -0.15   0.38  -0.12   0.43   0.27  -0.09  -0.08   1      0.15  -0.1    0.01   0.06  -0.03   0.86   0.85  -0.21  -0.06  -0.13  -0.12  -0.77  -0.71  -0.05   0.06  -0.09   0.09  -0.46   0.14   0.04   0.1   -0.04   0.49  -0.19   0.06   0.13   0.1    0.79   0.7  
 -0.16   0.09  -0.1    0.01   0     -0.09  -0.08  -0.08   0.02   0.09  -0     -0.08  -0.22  -0.15  -0.12   0.12   0.09   0.11   0.02   0.34   0      0.08  -0.76  -0.13   0.05   0.06   0.07  -0.28  -0.32   0.01  -0.08   0.25   0.21   0.32   0.31   0.08   0.06  -0.27  -0.23  -0.21  -0.15  -0.14  -0.1    0.21   0.26   0.21   0.1   -0.08  -0.07   0.03  -0.04   0.17   0.17  -0.15  -0.07   0.02   0.18  -0.11   0.07  -0.15  -0.12   0.01   0.08  -0.06   0.07   0.03  -0.08   0.15   1     -0.14  -0.08   0.07   0.13   0.2    0.2   -0.03   0     -0.01   0.04  -0.17  -0.11   0.01   0.01   0.03   0.08  -0.17  -0.03  -0.01  -0.03  -0.07   0.18   0.18  -0.06   0.01  -0.05   0.18   0.11 
  0.49   0.51  -0.34  -0.39   0.05  -0.38  -0.37  -0.37  -0.33   0.28  -0.35  -0.37   0.25   0.43   0.78  -0.13  -0.21   0.07  -0.16  -0.04   0.16   0.02   0.1    0.21   0.45   0.27  -0.2   -0.16   0.17  -0.54  -0.65  -0.24  -0.11   0.25   0.24  -0.76  -0.61   0.06  -0.03  -0.08   0.03   0.73   0.73   0.05  -0.01   0.08   0.02   0.85   0.77   0.29   0.2   -0.08  -0.08   0.36   0.32   0.03  -0.06   0.03   0.21   0.29   0.25  -0.01  -0.05   0.04   0.15   0.07   0.25  -0.1   -0.14   1      0.89   0.11   0.17  -0.06  -0.05  -0.3   -0.58  -0.22  -0.29   0.02   0.02  -0.49  -0.5   -0.04  -0.37  -0.01   0.7    0.43   0.07   0.16   0.01   0.63   0.74   0.22   0.32  -0.01  -0.02 
  0.5    0.75  -0.53  -0.56   0.27  -0.62  -0.62  -0.62  -0.53   0.5   -0.57  -0.62   0.32   0.41   0.68  -0.17  -0.23   0.08  -0.27   0      0.08   0.08   0.09   0.39   0.41   0.26  -0.25  -0.08   0.1   -0.62  -0.67  -0.37  -0.28   0.19   0.2   -0.72  -0.73   0.26   0.12  -0.02   0.02   0.81   0.74  -0.16  -0.19   0.02   0.01   0.88   0.91   0.34   0.16  -0.02  -0.01   0.17   0.32   0.08  -0.03   0.17   0.29   0.12   0.24   0.05  -0.04   0.19   0.24   0.05   0.34   0.01  -0.08   0.89   1      0.06   0.16   0.02   0.03  -0.24  -0.71  -0.33  -0.33  -0.04  -0.03  -0.7   -0.66  -0.12  -0.25   0      0.7    0.6    0.15   0.05   0.01   0.65   0.84   0.32   0.35   0.05   0.04 
  0.18  -0.01  -0      0.08  -0.02   0.01   0.03   0.03   0.08   0.02   0.07   0.03  -0.25  -0.26   0.43   0.43   0.26  -0.04   0.13  -0.16   0.02   0.04  -0.07  -0.12   0.16   0.06  -0.1    0.12  -0.4    0     -0.11  -0.07  -0.13  -0.06  -0.07  -0.25  -0.06  -0.6   -0.66  -0.47  -0.55   0.2    0.25   0.66   0.68   0.48   0.37   0.31   0.17   0.72   0.87   0.22   0.22  -0.18  -0.26  -0.17  -0.04  -0.15  -0.08  -0.19  -0.27  -0.18  -0.08  -0.19  -0.11  -0.17  -0.24   0.06   0.07   0.11   0.06   1      0.93   0.15   0.18  -0.4   -0.02  -0.71  -0.79  -0.14  -0.22   0.05  -0     -0.59   0.21   0.1    0.36   0.04   0.57  -0.23  -0.08   0.08   0.17   0.68   0.79   0.14   0.23 
  0.15   0.1   -0.01   0.02  -0.02  -0.06  -0.03  -0.03   0.03   0.1    0.02  -0.03  -0.17  -0.22   0.49   0.41   0.16   0.07   0.09  -0.2   -0     -0.02  -0.18  -0.04   0.17   0.11  -0.06   0.11  -0.41  -0.04  -0.18  -0.15  -0.21  -0.05  -0.04  -0.35  -0.22  -0.49  -0.56  -0.43  -0.47   0.32   0.36   0.55   0.58   0.44   0.31   0.43   0.32   0.87   0.91   0.12   0.12  -0.21  -0.27  -0.21   0.13  -0.15  -0.08  -0.2   -0.29  -0.24   0.08  -0.17  -0.08  -0.1   -0.2   -0.03   0.13   0.17   0.16   0.93   1      0.05   0.08  -0.38  -0.15  -0.76  -0.86  -0.1   -0.19  -0.11  -0.19  -0.58   0.14   0.12   0.42   0.19   0.59  -0.13  -0.1    0.16   0.3    0.73   0.86   0.1    0.21 
 -0.12   0.26  -0.17   0.01   0.1   -0.19  -0.17  -0.17  -0.03   0.25  -0.07  -0.17   0.07   0      0.03  -0.03   0.44  -0.02   0.13   0.06  -0.19   0.18   0.42   0.27   0.07  -0.03   0.17   0.22  -0.09  -0.2   -0.1   -0.23  -0.26  -0.4   -0.41   0.02  -0.05  -0.04  -0.05  -0.4   -0.58   0.13  -0      0.01   0.08   0.4    0.52   0.03   0.06   0.05   0.02   0.98   0.98  -0.07  -0.1    0.5    0      0.6    0.43  -0.09  -0.12   0.5   -0.01   0.5    0.38   0.02  -0.13   0.86   0.2   -0.06   0.02   0.15   0.05   1      1     -0.37  -0.17  -0.25  -0.24  -0.94  -0.87   0.04   0.09  -0.21   0.1   -0.71   0.15  -0.03   0.21   0.06   0.73  -0.06   0.07   0.24   0.22   0.95   0.87 
 -0.13   0.26  -0.16   0.01   0.09  -0.19  -0.17  -0.17  -0.03   0.25  -0.06  -0.17   0.07   0.01   0.05  -0.03   0.45  -0.01   0.14   0.07  -0.21   0.21   0.42   0.26   0.05  -0.01   0.18   0.22  -0.09  -0.2   -0.1   -0.24  -0.27  -0.4   -0.41  -0     -0.07  -0.04  -0.05  -0.42  -0.6    0.14   0      0.03   0.08   0.42   0.54   0.05   0.07   0.09   0.03   0.98   0.98  -0.08  -0.11   0.5    0.02   0.59   0.44  -0.1   -0.13   0.5    0      0.49   0.39   0.04  -0.13   0.85   0.2   -0.05   0.03   0.18   0.08   1      1     -0.37  -0.18  -0.28  -0.27  -0.93  -0.86   0.03   0.08  -0.23   0.1   -0.72   0.16  -0.02   0.23   0.07   0.74  -0.05   0.09   0.28   0.25   0.95   0.87 
 -0.03  -0.35   0.3    0.22  -0.23   0.25   0.29   0.29   0.28  -0.25   0.29   0.29   0.05   0.07  -0.43  -0.46  -0.24   0.23  -0.16   0.23  -0.28   0.11  -0.13  -0.19  -0.46  -0.06  -0.22  -0.15  -0.02   0.39   0.53   0      0.02   0.05  -0      0.38   0.27   0.39   0.42   0.44   0.48  -0.41  -0.35  -0.44  -0.49  -0.44  -0.47  -0.39  -0.35  -0.25  -0.37  -0.41  -0.41  -0.01   0.21  -0.09   0.11  -0.08   0.09   0.04   0.23  -0.12   0.13  -0.09   0.07  -0.26   0.09  -0.21  -0.03  -0.3   -0.24  -0.4   -0.38  -0.37  -0.37   1      0.57   0.31   0.35   0.35   0.33   0.11   0.22   0.25  -0.1    0.37  -0.69  -0.25  -0.23  -0.22  -0.37  -0.47  -0.47  -0.31  -0.37  -0.35  -0.33 
 -0.13  -0.77   0.41   0.45  -0.26   0.53   0.55   0.55   0.46  -0.54   0.5    0.55  -0.38  -0.34  -0.4    0.05   0.17  -0.08   0.11  -0.01  -0.14  -0.07  -0.07  -0.47  -0.53  -0.32   0.08  -0.02  -0.04   0.65   0.71   0.39   0.34  -0.08  -0.11   0.5    0.58  -0.23  -0.1    0.15   0.13  -0.64  -0.57   0.1    0.15  -0.15  -0.16  -0.64  -0.75  -0.26  -0.09  -0.14  -0.15  -0.16  -0.15  -0.27  -0.14  -0.21  -0.1   -0.15  -0.12  -0.27  -0.13  -0.25  -0.13  -0.22  -0.2   -0.06   0     -0.58  -0.71  -0.02  -0.15  -0.17  -0.18   0.57   1      0.29   0.28   0.15   0.12   0.69   0.77   0.18   0.21   0.15  -0.71  -0.7   -0.2   -0.22  -0.16  -0.73  -0.75  -0.3   -0.29  -0.16  -0.14 
 -0.16  -0.3    0.16  -0.02  -0.1    0.22   0.17   0.17  -0.01  -0.27   0.04   0.17  -0.19  -0.09  -0.47  -0.11  -0.29  -0.18  -0.1   -0.09   0.25  -0.18  -0.06  -0     -0.33  -0.14   0.02  -0.27   0.19   0.14   0.28   0.42   0.46   0.28   0.22   0.37   0.23   0.13   0.26   0.52   0.62  -0.33  -0.43  -0.21  -0.28  -0.52  -0.51  -0.47  -0.4   -0.76  -0.59  -0.3   -0.3    0.18   0.08  -0.01  -0.1   -0.18  -0.3    0.13   0.09   0     -0.09  -0.12  -0.26   0.02   0.17  -0.13  -0.01  -0.22  -0.33  -0.71  -0.76  -0.25  -0.28   0.31   0.29   1      0.95   0.26   0.34   0.2    0.22   0.81  -0.02   0.1   -0.45  -0.21  -0.82   0.02  -0.12  -0.28  -0.37  -1     -0.93  -0.27  -0.37 
 -0.25  -0.25   0.12  -0.04  -0.06   0.21   0.15   0.15  -0.06  -0.27  -0.01   0.15  -0.16  -0.06  -0.56  -0.22  -0.29  -0.12  -0.11   0.09   0.24  -0.14  -0.08   0.02  -0.35  -0.11   0.03  -0.26   0.19   0.12   0.29   0.42   0.45   0.27   0.24   0.45   0.28   0.24   0.35   0.56   0.63  -0.41  -0.52  -0.31  -0.37  -0.56  -0.53  -0.54  -0.44  -0.85  -0.71  -0.31  -0.31   0.15   0.14  -0     -0.14  -0.14  -0.19   0.12   0.15   0.03  -0.13  -0.08  -0.17   0.04   0.2   -0.12   0.04  -0.29  -0.33  -0.79  -0.86  -0.24  -0.27   0.35   0.28   0.95   1      0.27   0.38   0.15   0.2    0.78   0.02   0.06  -0.47  -0.16  -0.8    0.01  -0.08  -0.28  -0.39  -0.92  -1     -0.28  -0.4  
  0.1   -0.2    0.08  -0.12  -0.09   0.12   0.09   0.09  -0.06  -0.21  -0.03   0.09  -0.08  -0.01  -0.06   0.11  -0.36  -0.08  -0.05  -0      0.14  -0.09  -0.39  -0.23  -0.08   0     -0.22  -0.23   0.15   0.12   0.09   0.27   0.26   0.46   0.49   0.04   0.08   0.04   0.03   0.39   0.55  -0.13  -0.06   0.01  -0.09  -0.39  -0.45  -0.04  -0.07  -0.12  -0.09  -0.94  -0.94  -0      0.06  -0.4   -0.02  -0.59  -0.43   0.02   0.08  -0.38  -0.02  -0.52  -0.41  -0.14   0.14  -0.77  -0.17   0.02  -0.04  -0.14  -0.1   -0.94  -0.93   0.35   0.15   0.26   0.27   1      0.97  -0.07  -0.11   0.25  -0.12   0.79  -0.12   0.08  -0.25  -0.2   -0.8    0.09  -0.04  -0.26  -0.25  -1     -0.97 
  0.01  -0.13   0.04  -0.23  -0.11   0.08   0.03   0.03  -0.17  -0.21  -0.13   0.03  -0.08  -0.03  -0.09   0.07  -0.42  -0.1   -0.06   0.05   0.2   -0.06  -0.35  -0.14  -0.15   0.04  -0.22  -0.26   0.15   0.03   0.07   0.3    0.29   0.53   0.57   0.1    0.08   0.13   0.11   0.46   0.63  -0.15  -0.14  -0.05  -0.18  -0.46  -0.52  -0.06  -0.07  -0.2   -0.18  -0.91  -0.9    0      0.09  -0.32   0     -0.56  -0.38   0.03   0.1   -0.29  -0.01  -0.49  -0.37  -0.18   0.18  -0.71  -0.11   0.02  -0.03  -0.22  -0.19  -0.87  -0.86   0.33   0.12   0.34   0.38   0.97   1     -0.15  -0.17   0.39  -0.12   0.71  -0.09   0.15  -0.39  -0.22  -0.72   0.1    0.02  -0.33  -0.36  -0.96  -1    
 -0     -0.82   0.37   0.6   -0.31   0.52   0.59   0.59   0.6   -0.62   0.61   0.59  -0.14  -0.2   -0.33   0.11   0.36  -0.24   0.28  -0.09  -0.04  -0.11  -0.05  -0.73  -0.07  -0.36   0.34   0.05  -0.03   0.7    0.52   0.3    0.28  -0.27  -0.31   0.32   0.59  -0.33  -0.15  -0.14  -0.23  -0.63  -0.29   0.16   0.29   0.14   0.16  -0.6   -0.73  -0.22  -0.08   0.15   0.12  -0.03  -0.16  -0.01  -0.11  -0.17  -0.17  -0.06  -0.13  -0     -0.11  -0.22  -0.2    0.1   -0.33  -0.05   0.01  -0.49  -0.7    0.05  -0.11   0.04   0.03   0.11   0.69   0.2    0.15  -0.07  -0.15   1      0.94  -0.09   0.17  -0.12  -0.61  -0.96   0.04   0.12   0.1   -0.35  -0.74  -0.21  -0.16   0.05   0.12 
  0     -0.74   0.29   0.55  -0.2    0.45   0.5    0.5    0.51  -0.5    0.52   0.5   -0.22  -0.24  -0.36   0.12   0.41  -0.23   0.24   0.01  -0.16   0.01   0.01  -0.6   -0.2   -0.35   0.26   0.08   0.03   0.66   0.58   0.32   0.33  -0.21  -0.24   0.36   0.55  -0.3   -0.16  -0.14  -0.23  -0.6   -0.36   0.15   0.27   0.14   0.18  -0.62  -0.72  -0.31  -0.17   0.18   0.16  -0.08  -0.16  -0.06  -0.24  -0.15  -0.12  -0.12  -0.14  -0.05  -0.24  -0.21  -0.18   0.11  -0.31   0.06   0.01  -0.5   -0.66  -0     -0.19   0.09   0.08   0.22   0.77   0.22   0.2   -0.11  -0.17   0.94   1     -0.03   0.22  -0.15  -0.65  -0.95  -0.01   0.11   0.13  -0.49  -0.71  -0.23  -0.21   0.1    0.15 
 -0.23  -0.04   0.05  -0.28  -0.16   0.08  -0     -0     -0.26  -0.17  -0.21  -0     -0.12  -0.03  -0.31  -0.02  -0.31  -0.1   -0.02  -0.1    0.31  -0.29  -0.04   0.26  -0.48  -0.15  -0.13  -0.23   0.23  -0.13   0.2    0.38   0.41   0.44   0.42   0.33   0.08   0.15   0.22   0.45   0.61  -0.15  -0.42  -0.21  -0.26  -0.45  -0.49  -0.24  -0.17  -0.59  -0.42  -0.3   -0.29   0.14   0.07  -0.1    0.02  -0.26  -0.18   0.08   0.04  -0.1   -0.01  -0.18  -0.18  -0.19   0.18  -0.09   0.03  -0.04  -0.12  -0.59  -0.58  -0.21  -0.23   0.25   0.18   0.81   0.78   0.25   0.39  -0.09  -0.03   1     -0.16   0.18  -0.22   0.04  -0.99  -0.1   -0.18  -0.19  -0.03  -0.79  -0.76  -0.25  -0.4  
 -0.13  -0.19   0.16   0.18   0.14   0.19   0.16   0.16   0.1   -0.09   0.12   0.16  -0.32  -0.46  -0.32   0.14   0.18  -0.25  -0.25   0.06  -0.04   0.23  -0.03   0.01  -0.24  -0.02   0.04  -0.02  -0.37   0.2    0.27   0.23   0.22  -0.04  -0.09   0.28   0.12  -0.16  -0.14   0.05  -0.06  -0.23  -0.35   0.18   0.16  -0.05  -0.11  -0.34  -0.24   0.07   0.14   0.11   0.1   -0.05  -0.03  -0.21  -0.3    0.01   0.08  -0      0.03  -0.1   -0.22   0.05   0.12   0.11  -0.05   0.09   0.08  -0.37  -0.25   0.21   0.14   0.1    0.1   -0.1    0.21  -0.02   0.02  -0.12  -0.12   0.17   0.22  -0.16   1     -0.08  -0.24  -0.11   0.16  -0.35   0.08  -0.33  -0.23  -0     -0.04   0.12   0.13 
  0.15  -0.12   0.09  -0.15  -0.18   0.09   0.08   0.08  -0.05  -0.16  -0.02   0.08  -0.11  -0.14  -0.04   0.2   -0.29  -0.05  -0.01  -0.08   0.05  -0.18  -0.34  -0.08  -0.08  -0.05  -0.41  -0.12   0.1    0.07   0.14   0.2    0.12   0.35   0.39   0.11   0.09  -0.1   -0.1    0.29   0.35  -0.05  -0.01   0.07   0.02  -0.29  -0.3    0.01   0      0.07   0.15  -0.69  -0.69  -0.09   0.01  -0.33  -0.05  -0.54  -0.45  -0.07   0.01  -0.3   -0.04  -0.51  -0.45  -0.41   0.11  -0.46  -0.17  -0.01   0      0.1    0.12  -0.71  -0.72   0.37   0.15   0.1    0.06   0.79   0.71  -0.12  -0.15   0.18  -0.08   1     -0.1    0.13  -0.18  -0.46  -1     -0.04  -0.02  -0.11  -0.04  -0.79  -0.72 
  0.3    0.7   -0.47  -0.49   0.29  -0.51  -0.54  -0.54  -0.5    0.49  -0.52  -0.54   0.05   0.12   0.82   0.19  -0.08  -0.03  -0.07  -0.11   0.21  -0.04   0.11   0.45   0.54   0.22  -0.07   0.01   0.03  -0.75  -0.83  -0.2   -0.17   0.16   0.21  -0.68  -0.55  -0.15  -0.29  -0.22  -0.21   0.79   0.63   0.24   0.25   0.23   0.25   0.85   0.77   0.39   0.42   0.13   0.15  -0.06  -0.04   0.09  -0.05   0.09   0.01  -0.07  -0.09   0.07  -0.09   0.09   0      0.04   0.09   0.14  -0.03   0.7    0.7    0.36   0.42   0.15   0.16  -0.69  -0.71  -0.45  -0.47  -0.12  -0.09  -0.61  -0.65  -0.22  -0.24  -0.1    1      0.67   0.24   0.12   0.12   0.6    0.83   0.46   0.49   0.13   0.09 
 -0.07   0.74  -0.27  -0.54   0.26  -0.41  -0.49  -0.49  -0.54   0.52  -0.54  -0.49   0.04   0.06   0.37  -0.07  -0.4    0.21  -0.25   0.03   0.16   0.08   0.04   0.71   0.11   0.41  -0.25  -0.04   0     -0.69  -0.55  -0.25  -0.25   0.23   0.29  -0.33  -0.55   0.25   0.09   0.18   0.23   0.62   0.27  -0.05  -0.21  -0.17  -0.15   0.59   0.69   0.28   0.18  -0.13  -0.1   -0.06   0.09   0.01   0.07   0.15   0.07  -0.02   0.07   0.02   0.06   0.19   0.12  -0.09   0.31   0.04  -0.01   0.43   0.6    0.04   0.19  -0.03  -0.02  -0.25  -0.7   -0.21  -0.16   0.08   0.15  -0.96  -0.95   0.04  -0.11   0.13   0.67   1      0     -0.12  -0.11   0.33   0.7    0.22   0.18  -0.06  -0.13 
  0.24   0.07  -0.07   0.25   0.19  -0.11  -0.03  -0.03   0.24   0.22   0.18  -0.03   0.13   0.06   0.33   0      0.31   0.12   0.01   0.1   -0.34   0.31   0.05  -0.22   0.46   0.16   0.11   0.21  -0.23   0.1   -0.22  -0.4   -0.43  -0.44  -0.42  -0.36  -0.14  -0.13  -0.21  -0.46  -0.59   0.2    0.43   0.19   0.24   0.45   0.48   0.27   0.21   0.6    0.42   0.28   0.28  -0.13  -0.07   0.05  -0.02   0.31   0.24  -0.08  -0.04   0.06   0.01   0.24   0.24   0.19  -0.19   0.1   -0.03   0.07   0.15   0.57   0.59   0.21   0.23  -0.23  -0.2   -0.82  -0.8   -0.25  -0.39   0.04  -0.01  -0.99   0.16  -0.18   0.24   0      1      0.1    0.19   0.21   0.06   0.8    0.77   0.25   0.4  
 -0.01  -0.04   0.07   0.24  -0.12   0.07   0.09   0.09   0.16  -0.05   0.14   0.09   0.09   0.24   0.24  -0.16   0.1   -0.06   0.11  -0.11   0.03  -0.05   0.02  -0.07   0.3    0.09   0.55   0.05   0.15   0.01  -0.24  -0.15   0.04  -0.19  -0.17  -0.4   -0.2    0.13   0.12  -0.13  -0.14   0.15   0.32  -0.08   0.02   0.13   0.22   0.15   0.09  -0.07  -0.13   0.15   0.14   0     -0.06   0.18   0.11  -0.06  -0.17  -0.02  -0.08   0.05   0.04  -0.09  -0.18   0.81  -0.03  -0.04  -0.07   0.16   0.05  -0.23  -0.13   0.06   0.07  -0.22  -0.22   0.02   0.01  -0.2   -0.22   0.12   0.11  -0.1   -0.35  -0.46   0.12  -0.12   0.1    1      0.41   0.14   0.03  -0     -0.01   0.19   0.24 
 -0.14   0.15  -0.11   0.12   0.18  -0.11  -0.1   -0.1    0.03   0.18   0     -0.1    0.12   0.13   0.04  -0.2    0.28   0.06   0      0.1   -0.04   0.19   0.35   0.1    0.07   0.05   0.38   0.13  -0.11  -0.1   -0.15  -0.2   -0.14  -0.35  -0.39  -0.1   -0.09   0.1    0.1   -0.29  -0.35   0.05  -0     -0.08  -0.02   0.29   0.3    0      0.01  -0.04  -0.13   0.71   0.71   0.09  -0      0.34   0.06   0.56   0.48   0.06  -0.01   0.31   0.05   0.53   0.47   0.36  -0.11   0.49   0.18   0.01   0.01  -0.08  -0.1    0.73   0.74  -0.37  -0.16  -0.12  -0.08  -0.8   -0.72   0.1    0.13  -0.18   0.08  -1      0.12  -0.11   0.19   0.41   1      0.05   0.04   0.14   0.06   0.81   0.73 
  0.44   0.52  -0.53  -0.45   0.18  -0.57  -0.53  -0.53  -0.39   0.33  -0.44  -0.53   0.4    0.45   0.47   0.06  -0.09  -0.08  -0      0.01   0.16  -0.11  -0.22  -0.09   0.65   0.05  -0.06  -0.15   0.01  -0.41  -0.68  -0.18  -0.16   0.16   0.17  -0.57  -0.41   0.06   0     -0.23  -0.15   0.46   0.65  -0.07  -0.01   0.23   0.16   0.63   0.63   0.27   0.07  -0.06  -0.06   0.18   0.11   0.15   0.22   0.01   0.09   0.16   0.08   0.14   0.17   0.06   0.07   0.11   0.19  -0.19   0.18   0.63   0.65   0.08   0.16  -0.06  -0.05  -0.47  -0.73  -0.28  -0.28   0.09   0.1   -0.35  -0.49  -0.19  -0.33  -0.04   0.6    0.33   0.21   0.14   0.05   1      0.62   0.28   0.29  -0.09  -0.09 
  0.29   0.83  -0.52  -0.66   0.28  -0.62  -0.67  -0.67  -0.65   0.58  -0.67  -0.67   0.26   0.19   0.66   0.11  -0.18   0.03  -0.13  -0.03   0.07   0.06   0.12   0.56   0.28   0.27  -0.26  -0.02   0.09  -0.71  -0.65  -0.31  -0.24   0.3    0.34  -0.61  -0.69   0.14  -0.05  -0.11  -0.04   0.8    0.59   0     -0.04   0.11   0.09   0.86   0.88   0.39   0.25   0.01   0.03  -0.04   0.03   0.06  -0.01   0.09   0.13  -0.07  -0.03   0.04  -0.05   0.12   0.11   0.01   0.09   0.06  -0.06   0.74   0.84   0.17   0.3    0.07   0.09  -0.47  -0.75  -0.37  -0.39  -0.04   0.02  -0.74  -0.71  -0.03  -0.23  -0.02   0.83   0.7    0.06   0.03   0.04   0.62   1      0.37   0.41   0.06   0.01 
  0.13   0.31  -0.18   0      0.11  -0.22  -0.19  -0.19  -0.02   0.28  -0.06  -0.19   0.2    0.11   0.46   0.1    0.29   0.2    0.11   0.11  -0.24   0.17   0.06   0.02   0.33   0.14  -0.01   0.27  -0.17  -0.16  -0.29  -0.42  -0.46  -0.26  -0.2   -0.35  -0.22  -0.11  -0.25  -0.53  -0.62   0.32   0.41   0.2    0.28   0.53   0.51   0.46   0.39   0.72   0.57   0.29   0.29  -0.16  -0.07   0.01   0.11   0.17   0.31  -0.11  -0.08  -0      0.1    0.11   0.27  -0.01  -0.16   0.13   0.01   0.22   0.32   0.68   0.73   0.24   0.28  -0.31  -0.3   -1     -0.92  -0.26  -0.33  -0.21  -0.23  -0.79  -0     -0.11   0.46   0.22   0.8   -0      0.14   0.28   0.37   1      0.91   0.26   0.36 
  0.26   0.26  -0.12   0.02   0.06  -0.22  -0.16  -0.16   0.05   0.28  -0     -0.16   0.15   0.06   0.57   0.24   0.27   0.12   0.11  -0.12  -0.21   0.12   0.07  -0      0.36   0.12  -0.05   0.24  -0.17  -0.14  -0.31  -0.41  -0.44  -0.23  -0.2   -0.46  -0.29  -0.25  -0.36  -0.56  -0.62   0.42   0.53   0.33   0.39   0.56   0.53   0.56   0.45   0.86   0.72   0.29   0.29  -0.14  -0.13  -0.01   0.14   0.11   0.16  -0.12  -0.15  -0.04   0.13   0.05   0.13  -0.05  -0.2    0.1   -0.05   0.32   0.35   0.79   0.86   0.22   0.25  -0.37  -0.29  -0.93  -1     -0.25  -0.36  -0.16  -0.21  -0.76  -0.04  -0.04   0.49   0.18   0.77  -0.01   0.06   0.29   0.41   0.91   1      0.26   0.38 
 -0.1    0.21  -0.08   0.1    0.08  -0.12  -0.1   -0.1    0.05   0.22   0.02  -0.1    0.09   0.01   0.07  -0.12   0.36   0.08   0.04   0.01  -0.15   0.12   0.4    0.24   0.07   0.01   0.22   0.22  -0.15  -0.14  -0.1   -0.28  -0.27  -0.45  -0.48  -0.05  -0.1   -0.03  -0.02  -0.38  -0.54   0.15   0.05  -0.01   0.08   0.38   0.45   0.06   0.08   0.13   0.1    0.94   0.94   0     -0.06   0.42   0.03   0.6    0.45  -0.02  -0.08   0.39   0.03   0.52   0.42   0.14  -0.14   0.79   0.18  -0.01   0.05   0.14   0.1    0.95   0.95  -0.35  -0.16  -0.27  -0.28  -1     -0.96   0.05   0.1   -0.25   0.12  -0.79   0.13  -0.06   0.25   0.19   0.81  -0.09   0.06   0.26   0.26   1      0.96 
 -0.02   0.14  -0.02   0.23   0.09  -0.08  -0.03  -0.03   0.18   0.21   0.13  -0.03   0.08   0.03   0.1   -0.08   0.42   0.1    0.06  -0.03  -0.22   0.09   0.35   0.15   0.13  -0.02   0.23   0.26  -0.17  -0.03  -0.07  -0.31  -0.3   -0.54  -0.57  -0.11  -0.1   -0.11  -0.1   -0.47  -0.63   0.15   0.14   0.05   0.17   0.47   0.52   0.07   0.08   0.23   0.18   0.91   0.9   -0.01  -0.1    0.32   0.01   0.56   0.39  -0.03  -0.11   0.29   0.02   0.49   0.38   0.2   -0.18   0.7    0.11  -0.02   0.04   0.23   0.21   0.87   0.87  -0.33  -0.14  -0.37  -0.4   -0.97  -1      0.12   0.15  -0.4    0.13  -0.72   0.09  -0.13   0.4    0.24   0.73  -0.09   0.01   0.36   0.38   0.96   1    


eigenvalue	proportion	cumulative
 21.54486	  0.22211	  0.22211	-0.19meanPSDd2ECG-0.183HR-0.182maxdECG-0.181meanPSDdECG-0.178prct95d2ECG...
 15.02555	  0.1549 	  0.37701	-0.206prct95d2FILTEREDPUPILDIAMETER+0.205prct5d2FILTEREDPUPILDIAMETER-0.203meanPSDdFILTEREDPUPILDIAMETER-0.2meanPSDd2FILTEREDPUPILDIAMETER+0.195mind2FILTEREDPUPILDIAMETER...
 11.50872	  0.11865	  0.49566	-0.242mind2EYELIDOPENING+0.239maxd2EYELIDOPENING-0.232mindEYELIDOPENING+0.22 maxdEYELIDOPENING+0.209varEYELIDOPENING...
  7.70973	  0.07948	  0.57514	-0.202meanPSDdEYELIDOPENING+0.176HrvLfHf+0.171varEYELIDOPENING-0.167HrvSdnn-0.166prct75d2EYELIDOPENING...
  5.44184	  0.0561 	  0.63124	0.258kurtPSDdECG+0.254skwd2ECG+0.247skwPSDdECG+0.222kurtPSDd2ECG+0.202skwPSDd2ECG...
  4.61294	  0.04756	  0.6788 	0.278prct75dFILTEREDPUPILDIAMETER+0.257skwd2EYELIDOPENING+0.243minPSDdECG-0.222mindECG-0.199meandECG...
  4.14157	  0.0427 	  0.7215 	-0.223meand2EYELIDOPENING-0.204skwdECG-0.199prct75d2ECG+0.198meanFILTEREDPUPILDIAMETER+0.193kurtdECG...
  3.37367	  0.03478	  0.75628	-0.328skwPSDd2EYELIDOPENING-0.283kurtPSDd2EYELIDOPENING+0.244meandFILTEREDPUPILDIAMETER-0.236skwPSDdEYELIDOPENING+0.228meandEYELIDOPENING...
  3.03629	  0.0313 	  0.78758	0.314minPSDd2FILTEREDPUPILDIAMETER+0.301minPSDdECG-0.296meand2FILTEREDPUPILDIAMETER+0.285skwdEYELIDOPENING+0.26 meandEYELIDOPENING...
  2.65695	  0.02739	  0.81497	-0.368skwd2FILTEREDPUPILDIAMETER+0.287minPSDd2FILTEREDPUPILDIAMETER-0.24skwdECG+0.238meanECG-0.233meand2FILTEREDPUPILDIAMETER...
  2.5124 	  0.0259 	  0.84087	0.297meandECG-0.289meandFILTEREDPUPILDIAMETER-0.265skwdFILTEREDPUPILDIAMETER-0.258kurtPSDdEYELIDOPENING-0.235meanECG...
  2.0912 	  0.02156	  0.86243	0.266skwdFILTEREDPUPILDIAMETER+0.244skwd2EYELIDOPENING-0.221prct5dECG-0.22meanECG+0.21 HrvLfHf...
  1.77775	  0.01833	  0.88076	-0.271prct25dFILTEREDPUPILDIAMETER+0.27 meand2ECG+0.25 meandEYELIDOPENING-0.249minPSDdECG+0.247skwdFILTEREDPUPILDIAMETER...
  1.72741	  0.01781	  0.89857	-0.289skwPSDdECG-0.26skwdEYELIDOPENING-0.237kurtPSDdECG+0.225skwd2ECG-0.208maxdEYELIDOPENING...
  1.42671	  0.01471	  0.91327	0.322meandECG-0.283prct25dFILTEREDPUPILDIAMETER-0.262varFILTEREDPUPILDIAMETER-0.232minPSDd2ECG-0.226kurtd2EYELIDOPENING...
  1.28625	  0.01326	  0.92653	-0.331minPSDd2ECG-0.253prct5dECG-0.253skwdFILTEREDPUPILDIAMETER+0.238prct25dFILTEREDPUPILDIAMETER+0.206kurtdECG...
  1.09514	  0.01129	  0.93782	0.251skwdFILTEREDPUPILDIAMETER-0.239varFILTEREDPUPILDIAMETER+0.237meandECG+0.217meanEYELIDOPENING-0.195skwPSDdFILTEREDPUPILDIAMETER...
  1.0147 	  0.01046	  0.94829	0.449minPSDd2ECG-0.235prct5d2ECG-0.2prct75dFILTEREDPUPILDIAMETER+0.194meandECG-0.193prct5dECG...
  0.89266	  0.0092 	  0.95749	0.355skwPSDd2ECG+0.313skwd2FILTEREDPUPILDIAMETER+0.291kurtPSDd2ECG+0.265meand2EYELIDOPENING-0.244meanEYELIDOPENING...

Eigenvectors
 V1	 V2	 V3	 V4	 V5	 V6	 V7	 V8	 V9	 V10	 V11	 V12	 V13	 V14	 V15	 V16	 V17	 V18	 V19	
-0.0796	 0.0435	 0.0521	-0.0601	 0.0222	 0.0828	 0.1699	 0.0465	-0.1431	 0.2375	-0.2352	-0.2202	-0.0987	-0.0146	 0.0963	-0.1956	 0.0919	-0.1396	-0.0939	meanECG
-0.1827	 0.0783	-0.0397	 0.0899	 0.0077	-0.0751	-0.0606	-0.0056	 0.0539	-0.0726	-0.0048	-0.0195	-0.0219	 0.1008	-0.0608	-0.0364	 0.0634	-0.0055	-0.027 	HR
 0.1461	-0.0599	-0.0015	-0.1597	-0.0281	 0.0455	-0.175 	 0.0084	-0.028 	-0.1431	 0.067 	 0.0023	-0.0313	 0.1274	-0.0577	-0.0948	-0.0263	-0.0302	-0.1184	HrvHf
 0.1198	-0.1427	 0.0141	-0.1257	 0.0426	 0.022 	-0.03  	 0.1329	 0.0478	-0.0777	 0.0098	-0.003 	-0.1397	 0.1638	 0.044 	-0.1726	-0.0094	-0.046 	-0.0672	HrvLf
-0.1034	 0.0248	 0.0026	 0.1764	-0.0877	-0.0769	 0.1176	 0.1624	-0.0017	 0.084 	-0.0704	 0.2104	-0.1603	 0.1082	 0.2108	-0.0291	 0.0241	-0.0402	 0.0715	HrvLfHf
 0.1651	-0.0657	 0.0166	-0.1292	-0.0335	 0.0908	-0.1388	 0.0305	-0.0203	-0.091 	 0.069 	 0.0174	 0.0485	-0.0202	-0.0516	 0.0441	-0.0597	 0.0683	-0.0507	HrvPnn50
 0.1644	-0.0832	 0.0145	-0.1576	-0.0089	 0.0788	-0.1054	 0.0341	-0.0283	-0.0736	 0.0483	-0.0268	 0.0269	 0.0363	-0.0263	-0.0109	-0.0572	 0.0501	-0.0411	HrvRmssd
 0.1644	-0.0832	 0.0145	-0.1576	-0.009 	 0.0789	-0.1054	 0.0341	-0.0283	-0.0736	 0.0483	-0.0266	 0.0269	 0.0361	-0.0263	-0.0108	-0.0572	 0.0501	-0.0411	HrvSd1
 0.1244	-0.1315	 0.0134	-0.1653	 0.0629	 0.0043	-0.0341	 0.098 	 0.0054	-0.0553	 0.0338	-0.0586	-0.066 	 0.1276	 0.0282	-0.1545	-0.1236	-0.0051	-0.0567	HrvSd2
-0.1576	 0.0244	-0.0065	 0.1417	-0.0016	-0.1468	 0.0296	 0.0992	 0.0432	-0.0529	-0.0069	 0.0866	-0.1355	 0.1082	 0.0886	-0.1192	-0.1028	-0.1323	-0.0345	HrvSd2Sd1
 0.1373	-0.1231	 0.0136	-0.1674	 0.0451	 0.022 	-0.0529	 0.0885	-0.0036	-0.0608	 0.0396	-0.0525	-0.0434	 0.1086	 0.0175	-0.1218	-0.1148	 0.0085	-0.0537	HrvSdnn
 0.1644	-0.0832	 0.0145	-0.1576	-0.009 	 0.0789	-0.1054	 0.0341	-0.0283	-0.0736	 0.0483	-0.0266	 0.0269	 0.0361	-0.0263	-0.0108	-0.0572	 0.0501	-0.0411	HrvSdsd
-0.0475	 0.0154	-0.1344	-0.1347	 0.0859	-0.0757	 0.1061	-0.0032	-0.0567	-0.1339	 0.0261	-0.0957	 0.0762	 0.1902	-0.1055	 0.1301	 0.2165	 0.1079	-0.2437	meanEYELIDOPENING
-0.073 	 0.0323	-0.0663	-0.0267	 0.1947	-0.0661	 0.1981	 0.144 	-0.1121	-0.0616	 0.207 	 0.0462	-0.0159	-0.0411	-0.0796	-0.0991	-0.0565	 0.093 	-0.0805	meanFILTEREDPUPILDIAMETER
-0.1445	 0.0208	 0.0992	-0.1122	-0.0073	 0.1887	-0.0206	 0.0383	-0.0662	 0.0034	-0.0081	-0.1358	 0.0755	-0.0731	 0.0361	-0.0579	-0.109 	-0.1765	 0.0449	varECG
-0.0178	-0.0358	 0.2094	 0.1713	 0.0427	-0.0492	 0.0312	-0.0816	-0.0483	-0.0717	-0.0422	 0.1656	 0.0239	-0.0501	-0.0853	 0.0322	-0.0762	 0.034 	 0.0047	varEYELIDOPENING
-0.0199	-0.1696	 0.0616	 0.1258	 0.0969	-0.0631	 0.146 	 0.0614	-0.0202	-0.0521	 0.0031	 0.0597	-0.0379	-0.0261	-0.262 	 0.0095	-0.2393	-0.0271	-0.0038	varFILTEREDPUPILDIAMETER
-0.0238	 0.0149	-0.0599	-0.0758	-0.0677	-0.1986	-0.0522	 0.1041	 0.0935	-0.1097	 0.2971	-0.0697	-0.0584	-0.1164	 0.3219	-0.0344	 0.2374	 0.194 	 0.096 	meandECG
 0.0227	-0.0762	 0.0852	 0.0715	 0.1208	-0.0499	 0.0561	-0.045 	-0.1751	-0.1731	 0.2205	 0.0008	 0.2697	 0.1296	-0.0273	 0.1635	-0.0323	-0.0332	 0.1121	meand2ECG
 0.0035	 0.0066	-0.0858	-0.0088	-0.0575	-0.1377	-0.0564	 0.2282	 0.2603	 0.0603	-0.1611	-0.0982	 0.2501	-0.0475	 0.032 	-0.1481	 0.1682	-0.0049	-0.2277	meandEYELIDOPENING
 0.0244	 0.0708	 0.0357	-0.0493	 0.0775	 0.1851	-0.2225	-0.124 	-0.1311	 0.1315	-0.0227	 0.1744	 0.1191	 0.06  	 0.1563	 0.0904	 0.1748	-0.0384	 0.265 	meand2EYELIDOPENING
-0.026 	-0.0325	-0.0724	-0.0386	-0.0922	-0.077 	-0.0713	 0.2437	 0.195 	-0.0579	-0.2895	 0.0224	 0.1301	-0.1545	-0.1478	-0.0375	-0.0846	-0.1706	-0.0115	meandFILTEREDPUPILDIAMETER
-0.0453	-0.0556	-0.1374	 0.0094	-0.0793	 0.0719	 0.0265	-0.031 	-0.2963	-0.2326	-0.1403	 0.0242	-0.1243	-0.1041	 0.0271	 0.172 	 0.0055	-0.0963	-0.1385	meand2FILTEREDPUPILDIAMETER
-0.1025	 0.0645	-0.0772	 0.1155	-0.1173	-0.0147	-0.2044	-0.0393	 0.0048	-0.2404	-0.0057	 0.0454	-0.1487	 0.0527	-0.0142	-0.1255	-0.0004	-0.1179	-0.051 	skwdECG
-0.0978	-0.0176	 0.0476	-0.1123	 0.2542	 0.0561	 0.021 	 0.0162	 0.032 	 0.0666	-0.1692	-0.0405	 0.0217	 0.2247	 0.2051	 0.0247	-0.0847	 0.0991	 0.0859	skwd2ECG
-0.0476	 0.0401	-0.0486	-0.1246	-0.0779	-0.01  	-0.1767	 0.158 	 0.2854	-0.147 	-0.0525	 0.0175	 0.0087	-0.2597	 0.1687	 0.1189	-0.0374	 0.1048	 0.0826	skwdEYELIDOPENING
 0.0224	-0.0883	-0.0557	-0.0563	 0.007 	 0.2571	 0.1049	-0.0567	 0.2125	 0.0158	-0.0093	 0.2444	 0.1279	-0.0806	-0.0743	-0.0548	-0.0869	 0.0119	 0.1671	skwd2EYELIDOPENING
-0.0216	-0.0747	-0.0439	-0.0325	-0.1429	 0.0656	 0.0647	-0.0487	-0.0502	-0.1376	-0.2649	 0.2662	 0.2471	-0.0764	-0.0217	-0.2525	 0.2512	-0.051 	 0.0264	skwdFILTEREDPUPILDIAMETER
-0.0009	 0.0504	-0.0378	 0.0583	 0.0787	 0.0508	 0.0974	 0.1597	-0.1163	-0.368 	-0.0833	 0.0578	 0.23  	-0.12  	-0.0361	-0.0819	 0.0628	 0.0981	 0.313 	skwd2FILTEREDPUPILDIAMETER
 0.1403	-0.0822	 0.0223	-0.0562	-0.0614	-0.013 	 0.1934	 0.0295	 0.0531	 0.0753	 0.1215	 0.0139	-0.0255	-0.1628	-0.0199	 0.2063	-0.0439	 0.1755	 0.0861	kurtdECG
 0.1523	-0.0509	-0.0255	 0.0451	-0.1703	-0.0729	 0.1071	-0.0231	-0.0071	-0.0293	 0.0888	-0.0293	-0.0257	-0.2018	-0.1468	 0.0802	 0.0988	 0.116 	-0.0951	kurtd2ECG
 0.1056	 0.0252	 0.1196	 0.1571	 0.0128	 0.1105	-0.0702	 0.0635	-0.0855	 0.1316	-0.0178	 0.0525	 0.1976	 0.0914	-0.1871	-0.1416	 0.0146	 0.0597	-0.0813	kurtdEYELIDOPENING
 0.1015	 0.0375	 0.1151	 0.142 	 0.0557	 0.1578	-0.089 	 0.1221	-0.0507	 0.1063	 0.0165	-0.0144	 0.0785	 0.0986	-0.2256	-0.0847	 0.0644	-0.0439	-0.1205	kurtd2EYELIDOPENING
 0.0088	 0.1469	 0.1115	 0.1044	 0.1169	-0.1006	-0.1576	 0.077 	 0.0973	-0.0071	 0.0945	-0.1711	-0.062 	-0.0312	-0.0618	 0.1799	 0     	-0.1041	 0.0279	kurtdFILTEREDPUPILDIAMETER
 0.0004	 0.1511	 0.12  	 0.1143	 0.0985	-0.097 	-0.1404	 0.0817	 0.1172	-0.0855	 0.0643	-0.1409	 0.0257	-0.0144	-0.0808	 0.142 	 0.042 	-0.0598	 0.1144	kurtd2FILTEREDPUPILDIAMETER
 0.1479	-0.0353	-0.0608	 0.1046	-0.0005	-0.2221	-0.1008	-0.0894	-0.0145	-0.066 	-0.0847	 0.0389	-0.0058	 0.1128	 0.0069	-0.0009	 0.1412	 0.0141	-0.0652	mindECG
 0.156 	-0.0764	 0.0012	-0.0039	 0.1078	-0.1219	-0.071 	-0.0726	-0.0359	-0.0082	-0.1756	-0.0433	 0.0808	 0.1541	 0.1259	-0.0109	 0.087 	-0.0622	-0.0062	mind2ECG
-0.0134	 0.0935	-0.2317	-0.0962	-0.0478	-0.0178	 0.0917	-0.0562	 0.0725	-0.0704	 0.0144	-0.0306	-0.026 	 0.0696	-0.1385	 0.1181	 0.078 	-0.08  	 0.0431	mindEYELIDOPENING
 0.0215	 0.0785	-0.2416	-0.1022	-0.036 	 0.0312	 0.1045	-0.0785	 0.0489	-0.0087	 0.0043	 0.0118	 0.043 	 0.0229	-0.1036	 0.0414	 0.0631	-0.01  	 0.0829	mind2EYELIDOPENING
 0.0832	 0.1493	-0.1094	-0.0613	-0.1694	 0.1471	-0.0491	-0.078 	-0.007 	 0.0512	-0.0614	-0.0428	 0.0311	 0.0457	-0.0306	 0.0096	-0.0334	 0.0428	 0.0428	mindFILTEREDPUPILDIAMETER
 0.0843	 0.1953	-0.0916	-0.0514	-0.1092	 0.0777	-0.0685	 0.0062	 0.0021	 0.0337	 0.0324	 0.021 	 0.0261	-0.0481	 0.0749	 0.0067	-0.0296	-0.0443	 0.0035	mind2FILTEREDPUPILDIAMETER
-0.1816	 0.0629	 0.0254	-0.0125	-0.0836	 0.14  	 0.0104	 0.0367	-0.0297	-0.05  	 0.059 	-0.0438	-0.0436	-0.0985	 0.0118	-0.059 	-0.1426	 0.02  	-0.0037	maxdECG
-0.153 	 0.0301	 0.0545	-0.1246	 0.0368	 0.1471	 0.1479	 0.033 	 0.0084	 0.0558	 0.0545	-0.1191	-0.0093	-0.0615	 0.0613	 0.0433	-0.0828	 0.1067	 0.0039	maxd2ECG
-0.0049	-0.0762	 0.2199	 0.0462	-0.0016	 0.0227	-0.1589	 0.1305	 0.0343	-0.0555	-0.0458	 0.0884	 0.0473	-0.2081	 0.0901	-0.02  	-0.1214	 0.0794	-0.0232	maxdEYELIDOPENING
-0.009 	-0.1087	 0.2386	 0.0659	 0.0473	 0.0472	-0.0866	 0.0579	-0.0125	 0.0278	-0.0313	 0.0637	 0.0374	-0.0715	 0.0596	-0.1026	-0.0085	 0.0106	-0.0201	maxd2EYELIDOPENING
-0.0828	-0.1491	 0.1127	 0.0633	 0.1702	-0.1471	 0.0457	 0.0703	 0.0073	-0.0539	 0.0542	 0.0391	-0.0303	-0.0502	 0.0282	-0.0107	 0.0401	-0.0424	-0.0432	maxdFILTEREDPUPILDIAMETER
-0.0881	-0.1625	 0.0819	 0.0875	 0.136 	-0.0659	 0.0972	 0.0558	 0.0078	-0.1833	-0.0186	-0.01  	 0.0341	 0.0165	-0.0288	-0.0401	-0.0365	 0.0745	 0.1155	maxd2FILTEREDPUPILDIAMETER
-0.1814	 0.0689	 0.0558	-0.088 	-0.0253	 0.1141	 0.0031	 0.0193	-0.0425	 0.0012	 0.039 	-0.1066	 0.0472	-0.0443	-0.0381	-0.0565	-0.0453	-0.0745	-0.0136	meanPSDdECG
-0.1895	 0.0895	 0.0137	-0.0446	-0.0526	 0.07  	 0.0169	 0.0199	-0.0113	-0.002 	 0.0626	-0.0315	-0.0179	-0.025 	-0.0851	-0.0438	-0.0101	 0.0409	-0.0421	meanPSDd2ECG
-0.0966	-0.0536	 0.1123	-0.2019	-0.13  	-0.0226	-0.044 	-0.1216	-0.0203	 0.0684	 0.056 	-0.0037	 0.0335	 0.024 	-0.1597	-0.0204	 0.0983	-0.0394	 0.005 	meanPSDdEYELIDOPENING
-0.0697	-0.0581	 0.1677	-0.14  	-0.1131	 0.0037	-0.1098	-0.1706	-0.0884	 0.0673	 0.0419	 0.0257	-0.1076	-0.0979	 0.0689	 0.0485	 0.0368	-0.0373	 0.0961	meanPSDd2EYELIDOPENING
-0.0789	-0.2032	-0.0817	 0.0994	 0.0335	 0.0434	-0.0745	-0.0645	-0.0121	-0.0088	-0.0172	-0.0994	 0.0016	-0.0171	-0.0422	-0.0243	 0.0233	 0.0747	 0.0329	meanPSDdFILTEREDPUPILDIAMETER
-0.0814	-0.1996	-0.0854	 0.099 	 0.0273	 0.0437	-0.0806	-0.068 	-0.0077	-0.012 	-0.0221	-0.1045	 0.0137	-0.0133	-0.0471	-0.0166	 0.0222	 0.0729	 0.0333	meanPSDd2FILTEREDPUPILDIAMETER
 0.0117	 0.0267	-0.0746	-0.0967	 0.2474	-0.0795	-0.1271	 0.1111	-0.1557	 0.0705	-0.0705	 0.1559	-0.0385	-0.2887	 0.0152	-0.0319	 0.0783	 0.0977	-0.1822	skwPSDdECG
 0.0105	 0.0556	-0.1015	-0.1405	 0.2017	-0.0924	-0.1658	 0.1074	-0.1314	 0.0387	-0.1089	-0.0232	-0.0657	 0.0501	-0.1071	 0.0015	 0.046 	-0.0608	 0.3547	skwPSDd2ECG
-0.0448	-0.0539	-0.1586	-0.0318	 0.1466	 0.0237	 0.002 	-0.2364	 0.1592	-0.0402	-0.189 	-0.1707	 0.0439	-0.0851	 0.006 	 0.0445	-0.153 	 0.041 	-0.0541	skwPSDdEYELIDOPENING
-0.0147	-0.0015	-0.0518	-0.1085	 0.1633	-0.1382	 0.0466	-0.328 	 0.1037	 0.0863	 0.1476	 0.1471	 0.0434	-0.1119	-0.0149	-0.1627	-0.0794	-0.188 	-0.032 	skwPSDd2EYELIDOPENING
-0.0807	-0.0871	-0.1881	 0.0036	-0.1342	 0.0053	 0.0171	 0.089 	-0.135 	 0.0666	 0.0181	 0.0746	 0.1132	 0.1075	 0.1267	 0.0021	-0.1948	 0.04  	 0.0024	skwPSDdFILTEREDPUPILDIAMETER
-0.0639	-0.0595	-0.1675	-0.0671	-0.0843	-0.096 	-0.0327	 0.1936	-0.1088	 0.1502	 0.1088	 0.0131	 0.2024	-0.0507	-0.1251	 0.0739	-0.0832	-0.0639	 0.0591	skwPSDd2FILTEREDPUPILDIAMETER
 0.0136	 0.026 	-0.0714	-0.1012	 0.2579	-0.1261	-0.1162	 0.0709	-0.1362	 0.0793	-0.0483	 0.1704	-0.0946	-0.2369	-0.0043	-0.015 	-0.004 	 0.0482	-0.1701	kurtPSDdECG
 0.0203	 0.0497	-0.099 	-0.1343	 0.2218	-0.1281	-0.1502	 0.0825	-0.1366	 0.051 	-0.1103	 0.0047	-0.1196	 0.0521	-0.1034	 0.0557	-0.0212	-0.0775	 0.2914	kurtPSDd2ECG
-0.0411	-0.0525	-0.1621	-0.0147	 0.1345	-0.013 	-0.0187	-0.2017	 0.1435	-0.0324	-0.2579	-0.1343	 0.0614	-0.0857	 0.0252	 0.0907	-0.1799	 0.0994	-0.0444	kurtPSDdEYELIDOPENING
-0.0083	-0.0036	-0.0646	-0.1184	 0.1792	-0.1652	 0.0299	-0.2826	 0.0497	 0.0795	 0.0963	 0.2031	 0.0278	-0.1459	-0.0306	-0.1491	-0.1235	-0.1516	-0.0186	kurtPSDd2EYELIDOPENING
-0.0772	-0.0629	-0.1801	 0.0134	-0.1228	-0.0206	 0.0024	 0.1069	-0.1354	 0.1228	 0.0705	 0.1585	 0.0946	 0.1183	 0.1631	 0.0409	-0.1915	 0.0285	-0.0475	kurtPSDdFILTEREDPUPILDIAMETER
-0.0625	-0.0546	-0.167 	-0.0572	-0.1043	-0.1055	-0.0232	 0.1815	-0.1011	 0.1665	 0.1443	 0.1104	 0.16  	-0.0189	-0.0505	 0.0618	-0.1486	-0.0537	 0.0102	kurtPSDd2FILTEREDPUPILDIAMETER
-0.0096	-0.0414	-0.0122	-0.0394	 0.1277	 0.243 	 0.064 	 0.1103	 0.3007	-0.0455	 0.0201	 0.1456	-0.2493	 0.0407	-0.1888	 0.0922	 0.0088	-0.053 	 0.0006	minPSDdECG
-0.0295	 0.1047	-0.0571	 0.013 	-0.0025	 0.053 	 0.0604	-0.0247	-0.0431	 0.0889	-0.0255	 0.0429	-0.1897	-0.0436	-0.2323	-0.3309	 0.1811	 0.4486	 0.1778	minPSDd2ECG
-0.0735	-0.1359	-0.0949	 0.1646	-0.0348	 0.0005	-0.0812	-0.0607	-0.055 	-0.0389	-0.0091	-0.1984	-0.0081	 0.0196	-0.0537	-0.0708	-0.1798	 0.0534	 0.0905	minPSDdFILTEREDPUPILDIAMETER
-0.0022	-0.0324	 0.0394	 0.0859	 0.0539	-0.0777	-0.1307	 0.0202	 0.3136	 0.287 	 0.1725	-0.1064	 0.2209	 0.0721	-0.0372	-0.1609	-0.0009	 0.0699	 0.1283	minPSDd2FILTEREDPUPILDIAMETER
-0.1386	 0.0918	 0.0224	-0.1052	 0.1108	 0.1079	-0.0625	 0.1466	-0.1292	 0.0107	 0.0385	-0.1348	 0.0244	-0.1551	-0.0593	-0.0216	 0.0007	 0.0046	-0.0845	maxPSDdECG
-0.172 	 0.1048	-0.0174	-0.0714	 0.0364	 0.0424	-0.0269	 0.0933	-0.0734	 0.0481	 0.0015	-0.1088	-0.0387	-0.0217	-0.1352	-0.0173	 0.0368	 0.0239	 0.0549	maxPSDd2ECG
-0.0663	-0.1086	 0.1979	-0.088 	-0.1009	-0.0628	-0.0858	-0.0779	-0.0363	 0.054 	-0.0654	-0.031 	-0.012 	-0.1016	-0.0083	 0.0653	 0.0373	 0.035 	-0.0161	maxPSDdEYELIDOPENING
-0.0854	-0.0808	 0.1946	-0.1247	-0.111 	-0.0685	-0.0716	-0.1128	 0.0227	 0.0441	 0.0465	 0.0329	-0.023 	-0.0643	-0.0347	-0.0002	 0.0457	-0.0125	-0.01  	maxPSDd2EYELIDOPENING
-0.0848	-0.1811	-0.1137	 0.112 	 0.0046	 0.0262	-0.1092	-0.0622	-0.0195	 0.0102	-0.0035	-0.1048	 0.0438	-0.022 	-0.0356	-0.0053	-0.0102	 0.0618	 0.0267	maxPSDdFILTEREDPUPILDIAMETER
-0.0876	-0.1832	-0.1097	 0.1036	 0.0015	 0.0216	-0.1061	-0.0607	-0.0067	 0.0017	 0.0023	-0.1025	 0.0552	-0.0326	-0.0665	 0.0014	-0.0104	 0.0426	 0.0148	maxPSDd2FILTEREDPUPILDIAMETER
 0.117 	 0.0663	-0.0849	-0.0569	-0.0841	-0.1612	 0.114 	 0.0496	 0.0011	 0.0262	 0.0739	-0.2211	-0.077 	-0.0432	-0.0658	-0.2529	-0.0789	-0.1927	 0.1095	prct5dECG
 0.1649	-0.061 	 0.0345	 0.0397	-0.0964	-0.0363	 0.0829	 0.0236	-0.0757	 0.0677	 0.0046	-0.1277	-0.0098	-0.1555	 0.0133	-0.0807	-0.0229	-0.2354	 0.1736	prct5d2ECG
 0.1264	 0.1079	-0.0856	 0.1495	 0.0772	 0.1331	-0.0342	-0.0036	-0.0233	 0.0358	 0.0219	-0.0077	-0.0702	-0.0813	 0.1185	-0.0335	-0.1238	 0.0368	-0.0661	prct5dEYELIDOPENING
 0.1288	 0.1134	-0.1139	 0.1581	 0.0693	 0.0965	-0.0346	 0.0337	 0.0208	 0.0427	 0.0069	 0.0143	-0.0234	 0.0038	 0.076 	 0.0108	-0.0521	 0.0582	 0.0045	prct5d2EYELIDOPENING
 0.0801	 0.189 	 0.114 	-0.0681	-0.0042	-0.0645	 0.1119	 0.0307	 0.0237	-0.0445	-0.0728	 0.057 	 0.0596	 0.032 	-0.0144	 0.0371	-0.1139	-0.0153	-0.0189	prct5dFILTEREDPUPILDIAMETER
 0.078 	 0.2055	 0.0823	-0.0323	 0.0005	-0.0577	 0.0602	 0.0032	 0.0427	-0.036 	-0.0702	 0.0519	 0.1214	 0.0188	-0.0531	 0.0833	-0.0958	-0.0515	-0.0152	prct5d2FILTEREDPUPILDIAMETER
 0.1366	-0.1371	 0.0394	 0.0051	 0.0655	 0.08  	 0.1511	 0.0252	-0.0337	 0.0897	-0.0638	-0.0972	 0.046 	-0.0819	 0.096 	 0.1328	 0.0892	-0.0173	 0.013 	prct25dECG
 0.1332	-0.1336	 0.0256	 0.0605	 0.0273	 0.0626	 0.1483	 0.0874	-0.028 	 0.0602	-0.0925	-0.1454	-0.0024	-0.1194	 0.0266	 0.0882	 0.1291	-0.1345	 0.0903	prct25d2ECG
 0.0819	 0.1397	-0.0633	 0.1655	 0.049 	 0.0742	-0.1087	-0.0873	-0.0873	-0.0362	 0.1397	-0.0302	 0.0653	-0.1447	-0.0369	-0.069 	 0.0255	-0.0996	-0.0795	prct25d2EYELIDOPENING
 0.0435	-0.0617	 0.0208	 0.0483	-0.1396	-0.0395	-0.1326	 0.0664	 0.0339	 0.2193	-0.1831	 0.1597	-0.2712	 0.0431	-0.2828	 0.2383	-0.0509	 0.0705	-0.0025	prct25dFILTEREDPUPILDIAMETER
 0.0576	 0.1449	 0.135 	-0.0593	-0.0673	-0.1285	 0.0581	-0.0894	-0.073 	-0.0877	-0.1108	-0.1149	 0.0206	 0.0056	-0.0225	-0.1065	-0.1607	 0.1902	 0.0334	prct25d2FILTEREDPUPILDIAMETER
-0.1773	 0.0433	 0.0762	-0.0173	 0.0301	 0.1077	-0.1211	-0.022 	-0.0184	-0.054 	-0.0445	 0.0219	 0.0746	 0.0699	 0.0788	 0.0251	-0.0451	-0.014 	-0.0343	prct75dECG
-0.1287	 0.1243	-0.0153	-0.0182	-0.0862	-0.0317	-0.1987	-0.0632	 0.0572	-0.1089	 0.0419	 0.1295	-0.0257	 0.1217	-0.036 	-0.0889	-0.1369	 0.1055	 0.028 	prct75d2ECG
-0.0893	-0.1342	 0.0586	-0.1655	-0.0613	-0.0822	 0.1102	 0.1093	 0.0752	 0.0408	-0.1132	 0.0464	-0.0628	 0.15  	 0.0283	 0.0582	-0.059 	 0.0696	 0.0655	prct75d2EYELIDOPENING
-0.0212	-0.041 	-0.026 	-0.0496	 0.1574	 0.2783	 0.1076	 0.058 	 0.1926	-0.1525	 0.1473	 0.0897	-0.0916	 0.0386	 0.0172	-0.049 	 0.1353	-0.1997	 0.0141	prct75dFILTEREDPUPILDIAMETER
-0.0623	-0.1458	-0.1362	 0.0606	 0.0579	 0.1125	-0.0689	 0.078 	 0.0627	 0.0984	 0.1053	 0.1047	 0.0006	-0.0058	 0.0232	 0.1063	 0.1694	-0.1885	-0.0315	prct75d2FILTEREDPUPILDIAMETER
-0.1336	 0.0723	 0.0345	-0.0593	 0.1781	 0.0235	 0.0799	 0.0042	 0.0362	 0.1573	 0.0031	 0.0239	 0.2024	 0.1214	-0.0019	 0.1127	 0.0841	 0.1875	-0.1821	prct95dECG
-0.1776	 0.0951	 0.0271	-0.005 	-0.0075	 0.0314	-0.0836	-0.0093	-0.0106	-0.0775	 0.0172	-0.0356	 0.0658	 0.005 	-0.1144	 0.1253	 0.0639	-0.1341	-0.14  	prct95d2ECG
-0.1264	-0.104 	 0.0812	-0.1432	-0.0673	-0.1397	 0.0328	 0.0073	 0.0304	-0.0462	-0.014 	 0.0237	 0.0793	 0.074 	-0.118 	 0.0384	 0.1488	-0.0524	 0.0721	prct95dEYELIDOPENING
-0.1301	-0.1061	 0.1218	-0.1569	-0.0622	-0.0931	 0.026 	-0.0372	-0.027 	-0.0534	-0.0035	-0.015 	 0.0148	-0.009 	-0.0664	-0.0051	 0.061 	-0.061 	-0.001 	prct95d2EYELIDOPENING
-0.083 	-0.1873	-0.117 	 0.0676	 0.0014	 0.0599	-0.1181	-0.0342	-0.0181	 0.0414	 0.0716	-0.0631	-0.051 	-0.0412	-0.0027	-0.0342	 0.0837	 0.0021	 0.0187	prct95dFILTEREDPUPILDIAMETER
-0.0806	-0.2064	-0.0831	 0.0256	-0.0055	 0.0552	-0.0639	-0.0015	-0.0292	 0.0309	 0.077 	-0.0429	-0.1186	-0.023 	 0.0195	-0.0821	 0.0989	 0.0293	-0.0107	prct95d2FILTEREDPUPILDIAMETER

Ranked attributes:
 0.7779   1 -0.19meanPSDd2ECG-0.183HR-0.182maxdECG-0.181meanPSDdECG-0.178prct95d2ECG...
 0.623    2 -0.206prct95d2FILTEREDPUPILDIAMETER+0.205prct5d2FILTEREDPUPILDIAMETER-0.203meanPSDdFILTEREDPUPILDIAMETER-0.2meanPSDd2FILTEREDPUPILDIAMETER+0.195mind2FILTEREDPUPILDIAMETER...
 0.5043   3 -0.242mind2EYELIDOPENING+0.239maxd2EYELIDOPENING-0.232mindEYELIDOPENING+0.22 maxdEYELIDOPENING+0.209varEYELIDOPENING...
 0.4249   4 -0.202meanPSDdEYELIDOPENING+0.176HrvLfHf+0.171varEYELIDOPENING-0.167HrvSdnn-0.166prct75d2EYELIDOPENING...
 0.3688   5 0.258kurtPSDdECG+0.254skwd2ECG+0.247skwPSDdECG+0.222kurtPSDd2ECG+0.202skwPSDd2ECG...
 0.3212   6 0.278prct75dFILTEREDPUPILDIAMETER+0.257skwd2EYELIDOPENING+0.243minPSDdECG-0.222mindECG-0.199meandECG...
 0.2785   7 -0.223meand2EYELIDOPENING-0.204skwdECG-0.199prct75d2ECG+0.198meanFILTEREDPUPILDIAMETER+0.193kurtdECG...
 0.2437   8 -0.328skwPSDd2EYELIDOPENING-0.283kurtPSDd2EYELIDOPENING+0.244meandFILTEREDPUPILDIAMETER-0.236skwPSDdEYELIDOPENING+0.228meandEYELIDOPENING...
 0.2124   9 0.314minPSDd2FILTEREDPUPILDIAMETER+0.301minPSDdECG-0.296meand2FILTEREDPUPILDIAMETER+0.285skwdEYELIDOPENING+0.26 meandEYELIDOPENING...
 0.185   10 -0.368skwd2FILTEREDPUPILDIAMETER+0.287minPSDd2FILTEREDPUPILDIAMETER-0.24skwdECG+0.238meanECG-0.233meand2FILTEREDPUPILDIAMETER...
 0.1591  11 0.297meandECG-0.289meandFILTEREDPUPILDIAMETER-0.265skwdFILTEREDPUPILDIAMETER-0.258kurtPSDdEYELIDOPENING-0.235meanECG...
 0.1376  12 0.266skwdFILTEREDPUPILDIAMETER+0.244skwd2EYELIDOPENING-0.221prct5dECG-0.22meanECG+0.21 HrvLfHf...
 0.1192  13 -0.271prct25dFILTEREDPUPILDIAMETER+0.27 meand2ECG+0.25 meandEYELIDOPENING-0.249minPSDdECG+0.247skwdFILTEREDPUPILDIAMETER...
 0.1014  14 -0.289skwPSDdECG-0.26skwdEYELIDOPENING-0.237kurtPSDdECG+0.225skwd2ECG-0.208maxdEYELIDOPENING...
 0.0867  15 0.322meandECG-0.283prct25dFILTEREDPUPILDIAMETER-0.262varFILTEREDPUPILDIAMETER-0.232minPSDd2ECG-0.226kurtd2EYELIDOPENING...
 0.0735  16 -0.331minPSDd2ECG-0.253prct5dECG-0.253skwdFILTEREDPUPILDIAMETER+0.238prct25dFILTEREDPUPILDIAMETER+0.206kurtdECG...
 0.0622  17 0.251skwdFILTEREDPUPILDIAMETER-0.239varFILTEREDPUPILDIAMETER+0.237meandECG+0.217meanEYELIDOPENING-0.195skwPSDdFILTEREDPUPILDIAMETER...
 0.0517  18 0.449minPSDd2ECG-0.235prct5d2ECG-0.2prct75dFILTEREDPUPILDIAMETER+0.194meandECG-0.193prct5dECG...
 0.0425  19 0.355skwPSDd2ECG+0.313skwd2FILTEREDPUPILDIAMETER+0.291kurtPSDd2ECG+0.265meand2EYELIDOPENING-0.244meanEYELIDOPENING...

Selected attributes: 1,2,3,4,5,6,7,8,9,10,11,12,13,14,15,16,17,18,19 : 19

